5
504,52,1,1,14,3,2
1619,77,4,1,21,1,2
1890,4,79,0,12,1,2
758,1,17,0,11,16,2
516,76,1,1,7,0,2
141,57,0,1,17,5,2
298,0,55,0,21,18,2
1794,40,4,1,11,5,2
1887,4,66,0,19,16,2
1714,62,4,1,13,4,2
1798,40,4,1,17,2,2
1518,3,55,0,12,8,2
1170,2,18,0,14,12,2
925,63,2,1,3,3,2
1545,3,55,0,12,8,2
978,29,2,1,19,1,2
91,49,0,1,0,3,2
1967,4,55,0,18,4,2
1410,3,82,0,18,6,2
1731,62,4,1,3,3,2
657,1,17,0,15,6,2
866,63,2,1,15,5,2
883,16,2,1,16,0,2
1139,2,18,0,12,9,2
1946,4,79,0,14,11,2
414,92,1,1,15,3,2
872,16,2,1,13,0,2
1013,2,79,0,17,7,2
226,0,18,0,18,12,2
1587,3,66,0,11,14,2
1234,49,3,1,20,5,2
1443,3,66,0,20,17,2
467,76,1,1,0,1,2
222,0,65,0,12,11,2
1163,2,79,0,12,3,2
155,49,0,1,11,5,2
788,1,66,0,20,0,2
1127,2,79,0,18,9,2
1839,4,79,0,17,1,2
521,52,1,1,11,2,2
449,92,1,1,13,0,2
1656,77,4,1,14,1,2
1948,4,79,0,11,8,2
1560,3,66,0,14,0,2
1204,37,3,1,0,3,2
1436,3,55,0,19,16,2
1973,4,66,0,16,4,2
358,0,65,0,11,7,2
469,92,1,1,22,0,2
831,16,2,1,7,4,2
1031,2,18,0,14,8,2
1942,4,79,0,21,12,2
49,35,0,1,16,0,2
682,1,15,0,13,14,2
3,49,0,1,4,1,2
384,0,55,0,19,0,2
514,52,1,1,23,2,2
1122,2,15,0,12,13,2
378,0,65,0,19,13,2
1955,4,79,0,18,16,2
354,0,65,0,17,11,2
1754,40,4,1,21,3,2
1202,37,3,1,11,1,2
333,0,18,0,18,0,2
1490,3,66,0,11,3,2
213,0,55,0,18,14,2
706,1,17,0,18,3,2
421,92,1,1,2,1,2
1802,4,66,0,18,6,2
1361,32,3,1,5,4,2
1735,40,4,1,15,2,2
1099,2,79,0,21,1,2
1700,62,4,1,24,1,2
1161,2,18,0,11,19,2
1178,2,18,0,19,0,2
13,49,0,1,6,3,2
889,29,2,1,9,1,2
1089,2,79,0,21,12,2
1582,3,82,0,13,0,2
547,76,1,1,18,0,2
1928,4,66,0,13,2,2
959,63,2,1,8,0,2
98,57,0,1,12,3,2
1644,77,4,1,13,2,2
660,1,15,0,20,4,2
1355,49,3,1,1,3,2
1833,4,55,0,14,18,2
1841,4,55,0,11,8,2
833,16,2,1,5,3,2
1231,49,3,1,16,0,2
1787,40,4,1,2,0,2
841,63,2,1,13,1,2
969,63,2,1,24,4,2
470,52,1,1,8,5,2
837,16,2,1,5,5,2
1936,4,55,0,11,16,2
123,57,0,1,4,3,2
1943,4,66,0,20,0,2
498,76,1,1,12,4,2
1486,3,66,0,15,19,2
564,92,1,1,7,2,2
1663,40,4,1,18,1,2
1966,4,55,0,20,15,2
1249,37,3,1,18,5,2
146,35,0,1,16,2,2
1131,2,15,0,19,5,2
860,63,2,1,10,4,2
1470,3,82,0,15,15,2
1048,2,18,0,18,9,2
1765,77,4,1,11,5,2
1828,4,79,0,17,12,2
277,0,18,0,17,0,2
803,63,2,1,18,5,2
1298,37,3,1,12,0,2
1315,37,3,1,14,1,2
624,1,17,0,12,17,2
669,1,17,0,13,5,2
438,52,1,1,17,3,2
562,52,1,1,4,4,2
179,57,0,1,4,1,2
1400,3,55,0,14,3,2
331,0,18,0,20,17,2
1724,77,4,1,15,2,2
1786,62,4,1,9,3,2
1220,37,3,1,17,3,2
1352,37,3,1,13,0,2
1893,4,55,0,20,8,2
707,1,15,0,19,12,2
1243,49,3,1,13,2,2
1058,2,18,0,13,0,2
1616,40,4,1,15,1,2
1376,32,3,1,16,1,2
1983,4,55,0,21,16,2
1579,3,82,0,11,2,2
1323,32,3,1,4,0,2
1160,2,18,0,16,4,2
1378,49,3,1,0,0,2
991,29,2,1,2,2,2
528,76,1,1,21,3,2
388,0,18,0,12,13,2
1814,4,79,0,12,8,2
1891,4,55,0,13,14,2
1661,77,4,1,10,0,2
1484,3,82,0,17,10,2
1551,3,66,0,16,15,2
131,57,0,1,20,5,2
1911,4,55,0,15,18,2
1979,4,55,0,17,7,2
930,16,2,1,18,5,2
171,57,0,1,4,1,2
1914,4,66,0,15,10,2
1132,2,15,0,13,4,2
303,0,55,0,13,9,2
794,1,17,0,20,3,2
1491,3,66,0,17,15,2
610,1,15,0,18,10,2
532,92,1,1,6,0,2
441,52,1,1,24,4,2
1790,40,4,1,5,0,2
1976,4,55,0,18,6,2
1726,77,4,1,2,1,2
733,1,15,0,13,3,2
592,92,1,1,9,5,2
1600,62,4,1,24,3,2
536,52,1,1,15,4,2
566,52,1,1,20,5,2
1662,77,4,1,13,5,2
852,16,2,1,17,4,2
1291,32,3,1,9,1,2
570,76,1,1,17,0,2
757,1,66,0,11,9,2
1320,32,3,1,5,5,2
42,57,0,1,16,1,2
894,16,2,1,12,5,2
152,57,0,1,10,5,2
376,0,55,0,17,15,2
227,0,65,0,14,15,2
685,1,66,0,21,0,2
106,49,0,1,13,1,2
1573,3,55,0,19,6,2
1155,2,18,0,14,19,2
1142,2,79,0,12,16,2
1093,2,79,0,15,15,2
196,35,0,1,6,5,2
291,0,65,0,17,1,2
1885,4,55,0,16,17,2
500,76,1,1,14,3,2
1872,4,55,0,12,10,2
1044,2,15,0,13,18,2
59,35,0,1,3,1,2
92,57,0,1,19,1,2
724,1,15,0,18,4,2
1392,32,3,1,16,4,2
1717,40,4,1,2,5,2
1062,2,18,0,14,17,2
1137,2,18,0,18,6,2
257,0,65,0,12,5,2
1123,2,79,0,13,10,2
1642,40,4,1,18,5,2
445,92,1,1,7,1,2
1195,2,15,0,16,12,2
439,76,1,1,18,4,2
783,1,66,0,16,10,2
1715,40,4,1,7,2,2
1697,40,4,1,17,0,2
1757,62,4,1,3,4,2
1407,3,82,0,17,16,2
18,57,0,1,7,2,2
380,0,55,0,15,18,2
1023,2,15,0,15,10,2
1772,77,4,1,13,4,2
330,0,55,0,19,18,2
739,1,66,0,12,9,2
1060,2,15,0,20,2,2
490,92,1,1,6,5,2
1835,4,66,0,18,2,2
1331,37,3,1,17,3,2
999,16,2,1,6,3,2
51,49,0,1,20,5,2
1982,4,66,0,21,4,2
1452,3,55,0,12,10,2
1696,77,4,1,7,2,2
1672,77,4,1,23,5,2
958,16,2,1,22,3,2
22,35,0,1,0,4,2
518,76,1,1,6,4,2
404,92,1,1,12,5,2
1603,77,4,1,6,4,2
274,0,65,0,11,11,2
1812,4,55,0,17,6,2
1959,4,66,0,12,11,2
1424,3,82,0,20,17,2
139,35,0,1,4,1,2
539,52,1,1,9,1,2
885,63,2,1,4,3,2
694,1,17,0,11,0,2
1824,4,55,0,12,4,2
1565,3,66,0,16,16,2
386,0,18,0,16,0,2
726,1,17,0,15,11,2
795,1,17,0,18,6,2
407,92,1,1,24,3,2
453,52,1,1,24,2,2
738,1,66,0,20,2,2
776,1,17,0,18,2,2
1109,2,15,0,15,14,2
143,57,0,1,2,1,2
1440,3,82,0,17,10,2
236,0,55,0,13,4,2
425,76,1,1,12,3,2
1524,3,82,0,13,2,2
509,92,1,1,7,1,2
984,63,2,1,10,0,2
976,63,2,1,7,3,2
792,1,17,0,20,10,2
1865,4,79,0,21,11,2
419,52,1,1,5,1,2
1413,3,55,0,17,13,2
1853,4,66,0,19,17,2
1412,3,66,0,19,19,2
1267,32,3,1,23,5,2
1767,77,4,1,6,0,2
1273,32,3,1,22,5,2
1864,4,66,0,14,12,2
1986,4,55,0,14,9,2
1649,40,4,1,24,5,2
1324,49,3,1,2,1,2
62,35,0,1,11,3,2
560,92,1,1,14,4,2
1502,3,82,0,21,11,2
1455,3,66,0,20,14,2
995,29,2,1,19,1,2
512,76,1,1,2,3,2
1020,2,18,0,20,17,2
1666,77,4,1,13,1,2
1016,2,18,0,12,4,2
818,29,2,1,9,1,2
598,52,1,1,2,5,2
1730,77,4,1,24,2,2
704,1,17,0,13,7,2
33,57,0,1,21,1,2
185,35,0,1,9,3,2
1882,4,66,0,15,15,2
752,1,17,0,18,5,2
1674,62,4,1,10,3,2
269,0,55,0,12,17,2
1796,62,4,1,17,5,2
1904,4,79,0,15,2,2
864,29,2,1,9,1,2
60,57,0,1,18,0,2
1000,2,15,0,20,14,2
1926,4,55,0,19,5,2
820,29,2,1,22,3,2
1316,49,3,1,10,3,2
1065,2,79,0,14,12,2
1574,3,82,0,17,17,2
1313,49,3,1,4,2,2
287,0,65,0,17,18,2
1636,62,4,1,11,2,2
110,49,0,1,21,1,2
502,52,1,1,20,2,2
661,1,17,0,19,5,2
1032,2,15,0,20,8,2
169,35,0,1,16,1,2
1463,3,66,0,14,0,2
493,52,1,1,9,1,2
1622,40,4,1,9,3,2
659,1,15,0,18,14,2
1632,77,4,1,0,0,2
1810,4,55,0,11,0,2
1586,3,55,0,16,10,2
209,0,55,0,16,13,2
1389,49,3,1,4,4,2
1415,3,82,0,17,16,2
569,76,1,1,1,3,2
734,1,15,0,16,6,2
558,92,1,1,14,1,2
1418,3,55,0,17,3,2
804,29,2,1,9,5,2
709,1,66,0,12,5,2
108,35,0,1,12,2,2
1608,77,4,1,21,4,2
974,16,2,1,7,0,2
432,52,1,1,23,3,2
301,0,65,0,11,16,2
415,52,1,1,24,1,2
1194,2,18,0,13,12,2
394,0,65,0,19,15,2
1988,4,66,0,13,9,2
600,1,17,0,13,3,2
1566,3,66,0,19,4,2
909,16,2,1,9,0,2
1036,2,18,0,13,16,2
1868,4,79,0,18,6,2
132,57,0,1,3,3,2
1404,3,82,0,13,5,2
967,29,2,1,18,2,2
1977,4,79,0,11,6,2
1189,2,15,0,12,18,2
346,0,55,0,17,7,2
870,63,2,1,21,4,2
916,29,2,1,1,0,2
646,1,17,0,16,6,2
1342,32,3,1,10,4,2
1256,49,3,1,7,5,2
602,1,66,0,18,10,2
839,63,2,1,24,1,2
75,57,0,1,8,5,2
1101,2,15,0,13,7,2
1130,2,15,0,20,19,2
545,76,1,1,24,0,2
1526,3,66,0,13,1,2
1330,37,3,1,6,1,2
1941,4,79,0,18,14,2
1618,62,4,1,24,0,2
316,0,18,0,15,18,2
1553,3,55,0,20,8,2
873,63,2,1,24,0,2
1752,77,4,1,15,5,2
254,0,18,0,17,18,2
551,92,1,1,24,2,2
1233,32,3,1,21,0,2
101,49,0,1,12,2,2
1185,2,15,0,14,8,2
579,76,1,1,8,0,2
1685,40,4,1,16,3,2
1643,40,4,1,21,1,2
740,1,17,0,21,8,2
591,76,1,1,7,4,2
1276,37,3,1,16,0,2
251,0,55,0,13,12,2
338,0,65,0,17,5,2
483,52,1,1,24,2,2
956,29,2,1,15,3,2
1152,2,18,0,20,18,2
1091,2,15,0,12,16,2
40,49,0,1,7,4,2
1343,32,3,1,0,1,2
986,63,2,1,11,5,2
877,16,2,1,5,4,2
523,92,1,1,2,2,2
323,0,18,0,21,5,2
1744,77,4,1,19,4,2
94,35,0,1,20,5,2
1583,3,82,0,16,5,2
379,0,55,0,14,13,2
1627,62,4,1,5,3,2
166,57,0,1,20,2,2
1425,3,66,0,19,3,2
400,76,1,1,22,0,2
653,1,15,0,11,14,2
1944,4,66,0,17,19,2
1063,2,18,0,13,7,2
882,63,2,1,22,4,2
1164,2,18,0,11,8,2
902,16,2,1,19,2,2
103,57,0,1,18,3,2
1732,77,4,1,12,2,2
262,0,55,0,19,12,2
906,16,2,1,12,0,2
790,1,17,0,11,12,2
1837,4,55,0,14,15,2
617,1,17,0,19,18,2
1556,3,82,0,20,11,2
927,63,2,1,12,2,2
245,0,65,0,17,4,2
87,35,0,1,0,2,2
1053,2,79,0,11,5,2
393,0,55,0,11,9,2
465,92,1,1,7,0,2
1207,37,3,1,12,2,2
989,29,2,1,5,0,2
1439,3,66,0,14,2,2
1771,62,4,1,21,5,2
1059,2,15,0,18,10,2
1855,4,66,0,21,0,2
215,0,55,0,15,3,2
313,0,55,0,17,8,2
1795,62,4,1,18,2,2
242,0,18,0,15,2,2
229,0,65,0,11,3,2
1537,3,82,0,17,16,2
868,29,2,1,19,3,2
1768,77,4,1,1,1,2
781,1,15,0,13,2,2
630,1,15,0,13,10,2
1851,4,55,0,14,7,2
965,16,2,1,2,4,2
766,1,17,0,16,15,2
1054,2,18,0,14,18,2
391,0,65,0,18,5,2
320,0,18,0,11,15,2
919,63,2,1,10,2,2
1464,3,82,0,13,17,2
898,29,2,1,21,2,2
81,35,0,1,15,5,2
304,0,65,0,19,14,2
1648,77,4,1,14,0,2
993,16,2,1,24,2,2
1861,4,55,0,12,5,2
459,92,1,1,0,5,2
1184,2,15,0,19,5,2
1629,40,4,1,22,5,2
1295,37,3,1,1,5,2
26,57,0,1,18,5,2
1668,77,4,1,12,5,2
544,76,1,1,9,2,2
1889,4,66,0,18,11,2
810,63,2,1,22,3,2
1354,37,3,1,1,1,2
708,1,17,0,20,9,2
1985,4,55,0,13,12,2
162,49,0,1,6,2,2
1605,77,4,1,16,0,2
782,1,15,0,19,12,2
292,0,55,0,20,15,2
698,1,17,0,20,6,2
1458,3,55,0,17,16,2
1103,2,15,0,20,17,2
243,0,18,0,20,10,2
1937,4,55,0,15,15,2
895,29,2,1,20,2,2
1321,49,3,1,17,4,2
137,49,0,1,22,1,2
1801,4,66,0,19,1,2
1570,3,82,0,17,6,2
1947,4,55,0,12,18,2
1402,3,66,0,16,3,2
1398,37,3,1,5,0,2
375,0,55,0,18,10,2
1074,2,18,0,13,9,2
1930,4,66,0,11,16,2
198,35,0,1,14,2,2
203,0,65,0,17,10,2
1269,37,3,1,17,5,2
1257,32,3,1,12,0,2
366,0,55,0,16,4,2
971,63,2,1,4,0,2
337,0,55,0,15,14,2
768,1,66,0,13,6,2
284,0,18,0,18,15,2
362,0,18,0,13,14,2
160,35,0,1,22,5,2
1241,32,3,1,19,3,2
168,57,0,1,14,3,2
56,35,0,1,0,1,2
1177,2,15,0,17,18,2
1362,37,3,1,14,1,2
1525,3,82,0,13,1,2
1903,4,79,0,13,5,2
1675,40,4,1,21,2,2
1513,3,55,0,18,18,2
823,16,2,1,24,0,2
1369,37,3,1,24,2,2
1296,37,3,1,9,2,2
1405,3,55,0,21,18,2
1472,3,66,0,19,8,2
300,0,65,0,19,13,2
1625,77,4,1,17,3,2
890,29,2,1,3,1,2
1621,40,4,1,18,1,2
1225,49,3,1,20,1,2
188,57,0,1,3,5,2
119,57,0,1,12,3,2
252,0,55,0,14,8,2
187,57,0,1,2,0,2
1293,49,3,1,18,2,2
601,1,66,0,21,4,2
1492,3,66,0,14,10,2
1459,3,82,0,17,2,2
328,0,55,0,13,0,2
717,1,66,0,21,7,2
714,1,17,0,19,1,2
368,0,55,0,11,17,2
587,52,1,1,24,5,2
138,49,0,1,6,5,2
365,0,65,0,19,11,2
5,35,0,1,3,1,2
1989,4,66,0,12,3,2
374,0,55,0,19,17,2
675,1,15,0,15,4,2
1739,62,4,1,0,1,2
1860,4,55,0,15,16,2
946,29,2,1,14,0,2
524,52,1,1,21,3,2
1196,2,18,0,19,18,2
642,1,66,0,15,16,2
1598,3,82,0,13,2,2
74,49,0,1,22,0,2
30,57,0,1,19,5,2
1578,3,66,0,12,9,2
1117,2,79,0,19,16,2
76,49,0,1,16,1,2
857,16,2,1,1,4,2
387,0,18,0,17,10,2
68,35,0,1,21,5,2
1190,2,18,0,15,17,2
308,0,55,0,21,18,2
938,63,2,1,9,1,2
1116,2,15,0,21,9,2
41,57,0,1,10,4,2
253,0,55,0,12,11,2
1111,2,15,0,11,11,2
926,16,2,1,4,5,2
853,29,2,1,16,3,2
623,1,15,0,21,15,2
1805,4,79,0,18,10,2
1446,3,66,0,18,9,2
1716,77,4,1,20,3,2
1764,77,4,1,6,5,2
574,76,1,1,12,4,2
1489,3,66,0,11,10,2
1913,4,66,0,18,6,2
1908,4,55,0,12,3,2
1183,2,18,0,16,10,2
1451,3,55,0,15,17,2
799,1,66,0,19,12,2
475,76,1,1,20,3,2
488,76,1,1,12,5,2
1595,3,55,0,20,19,2
1676,62,4,1,12,5,2
15,49,0,1,2,3,2
372,0,18,0,12,19,2
892,16,2,1,17,5,2
281,0,18,0,21,11,2
764,1,15,0,20,16,2
571,76,1,1,13,0,2
1348,49,3,1,14,3,2
715,1,15,0,19,2,2
1200,49,3,1,17,0,2
182,49,0,1,17,2,2
914,16,2,1,14,2,2
1394,37,3,1,17,1,2
1684,77,4,1,1,2,2
1218,49,3,1,22,4,2
1469,3,82,0,14,8,2
954,29,2,1,5,3,2
1612,77,4,1,3,4,2
1845,4,66,0,11,9,2
360,0,18,0,19,1,2
461,92,1,1,20,1,2
1927,4,79,0,12,2,2
124,57,0,1,4,0,2
280,0,65,0,18,17,2
199,49,0,1,13,5,2
1372,37,3,1,20,1,2
1084,2,15,0,21,18,2
29,35,0,1,10,1,2
327,0,65,0,18,9,2
612,1,66,0,19,14,2
765,1,66,0,21,12,2
86,49,0,1,0,4,2
1382,32,3,1,0,1,2
1497,3,55,0,13,14,2
1599,3,66,0,11,16,2
246,0,18,0,17,16,2
692,1,17,0,21,17,2
1527,3,82,0,13,13,2
1244,37,3,1,13,1,2
1651,77,4,1,5,5,2
881,16,2,1,6,2,2
1118,2,18,0,13,13,2
992,16,2,1,20,3,2
1680,40,4,1,20,2,2
1858,4,66,0,21,11,2
23,57,0,1,22,4,2
713,1,17,0,21,9,2
491,92,1,1,22,1,2
1963,4,66,0,20,19,2
1239,37,3,1,21,1,2
240,0,55,0,20,7,2
443,76,1,1,19,1,2
66,57,0,1,13,1,2
928,63,2,1,17,3,2
310,0,55,0,15,18,2
637,1,66,0,19,11,2
1857,4,55,0,18,2,2
1626,77,4,1,7,0,2
1749,40,4,1,7,1,2
1581,3,66,0,17,6,2
1242,32,3,1,5,5,2
115,57,0,1,6,5,2
575,92,1,1,15,3,2
859,63,2,1,6,2,2
417,92,1,1,23,0,2
1064,2,18,0,20,6,2
1223,49,3,1,9,4,2
1385,37,3,1,1,2,2
597,92,1,1,4,3,2
1499,3,82,0,17,9,2
690,1,15,0,15,11,2
632,1,66,0,11,13,2
383,0,65,0,14,14,2
1747,62,4,1,9,4,2
1825,4,79,0,19,1,2
1157,2,15,0,17,16,2
1704,40,4,1,21,0,2
69,57,0,1,5,1,2
1338,32,3,1,9,0,2
1610,77,4,1,9,3,2
8,49,0,1,9,2,2
1880,4,79,0,16,4,2
876,63,2,1,1,3,2
1104,2,18,0,18,6,2
683,1,17,0,15,16,2
1763,40,4,1,13,3,2
1541,3,66,0,12,2,2
1290,37,3,1,2,3,2
753,1,15,0,11,6,2
474,52,1,1,23,3,2
148,35,0,1,5,4,2
1360,32,3,1,20,2,2
785,1,15,0,12,9,2
167,57,0,1,14,4,2
1888,4,79,0,12,3,2
594,92,1,1,20,5,2
691,1,66,0,17,19,2
302,0,65,0,15,17,2
953,16,2,1,7,3,2
83,35,0,1,3,3,2
283,0,55,0,18,3,2
1659,77,4,1,8,4,2
847,29,2,1,1,1,2
1325,37,3,1,10,5,2
1005,2,18,0,12,12,2
1687,62,4,1,3,1,2
1919,4,55,0,14,4,2
1530,3,66,0,21,0,2
1399,49,3,1,3,1,2
157,35,0,1,10,2,2
534,92,1,1,13,2,2
933,63,2,1,9,4,2
390,0,65,0,16,4,2
1505,3,55,0,13,16,2
25,49,0,1,6,2,2
332,0,18,0,19,18,2
620,1,15,0,11,12,2
1776,40,4,1,21,0,2
910,16,2,1,4,1,2
1370,49,3,1,8,2,2
1304,49,3,1,0,3,2
1212,49,3,1,23,0,2
1652,62,4,1,6,2,2
1866,4,79,0,12,14,2
1102,2,15,0,18,13,2
85,57,0,1,23,3,2
1001,2,79,0,11,14,2
1594,3,66,0,14,12,2
1311,37,3,1,8,2,2
1783,40,4,1,7,4,2
1916,4,79,0,17,15,2
1604,40,4,1,7,1,2
968,29,2,1,13,5,2
1705,62,4,1,16,0,2
505,76,1,1,2,1,2
808,29,2,1,11,5,2
65,35,0,1,17,2,2
537,76,1,1,16,0,2
112,49,0,1,11,1,2
1289,32,3,1,10,5,2
1655,62,4,1,22,3,2
1819,4,55,0,13,6,2
1691,62,4,1,24,2,2
749,1,15,0,18,14,2
1867,4,66,0,17,3,2
1098,2,15,0,14,9,2
1711,40,4,1,11,3,2
1958,4,55,0,20,17,2
1255,32,3,1,19,3,2
1448,3,55,0,20,4,2
865,29,2,1,6,2,2
929,16,2,1,2,3,2
1673,62,4,1,3,0,2
1353,49,3,1,10,5,2
315,0,55,0,18,15,2
466,76,1,1,19,4,2
688,1,15,0,19,19,2
1029,2,18,0,12,13,2
12,49,0,1,12,5,2
774,1,17,0,14,5,2
718,1,17,0,18,5,2
854,16,2,1,8,2,2
361,0,18,0,21,19,2
1960,4,66,0,12,17,2
164,49,0,1,6,5,2
647,1,17,0,21,18,2
867,16,2,1,3,4,2
468,92,1,1,22,5,2
1167,2,79,0,14,11,2
1010,2,15,0,11,17,2
1460,3,82,0,20,11,2
1045,2,15,0,20,13,2
1085,2,79,0,11,0,2
499,76,1,1,17,3,2
239,0,18,0,16,19,2
31,57,0,1,22,1,2
1467,3,55,0,16,19,2
234,0,65,0,12,19,2
994,63,2,1,8,1,2
1830,4,55,0,13,3,2
1396,32,3,1,10,0,2
1606,40,4,1,23,3,2
170,49,0,1,13,5,2
1172,2,79,0,16,18,2
1879,4,66,0,18,11,2
342,0,18,0,14,4,2
947,29,2,1,4,4,2
402,76,1,1,8,3,2
907,63,2,1,20,4,2
1254,32,3,1,10,2,2
849,29,2,1,3,3,2
1481,3,82,0,20,17,2
1476,3,55,0,16,1,2
1253,37,3,1,15,1,2
454,76,1,1,22,2,2
981,63,2,1,23,0,2
990,29,2,1,4,1,2
687,1,15,0,15,12,2
1638,40,4,1,23,0,2
1741,62,4,1,16,0,2
1543,3,66,0,21,18,2
1791,77,4,1,24,5,2
1909,4,55,0,18,7,2
697,1,15,0,16,5,2
1811,4,66,0,11,1,2
1222,32,3,1,5,5,2
1002,2,18,0,13,9,2
1422,3,66,0,11,6,2
951,63,2,1,12,3,2
363,0,65,0,19,18,2
455,76,1,1,7,3,2
541,76,1,1,19,3,2
38,57,0,1,13,0,2
1785,40,4,1,0,1,2
395,0,65,0,21,3,2
1777,40,4,1,23,2,2
206,0,18,0,14,2,2
1800,4,66,0,11,18,2
295,0,65,0,12,0,2
156,35,0,1,17,4,2
247,0,65,0,13,5,2
934,63,2,1,15,1,2
1821,4,79,0,13,15,2
248,0,18,0,17,18,2
1034,2,15,0,20,0,2
1677,40,4,1,24,1,2
450,52,1,1,10,1,2
668,1,66,0,18,6,2
1607,40,4,1,13,1,2
1949,4,66,0,12,9,2
7,49,0,1,23,1,2
915,29,2,1,1,1,2
1633,77,4,1,1,1,2
1120,2,18,0,17,11,2
1957,4,66,0,19,3,2
176,35,0,1,6,0,2
1124,2,18,0,20,12,2
1557,3,82,0,19,3,2
1591,3,55,0,12,14,2
1216,49,3,1,5,1,2
1751,62,4,1,2,5,2
1038,2,15,0,14,8,2
649,1,15,0,13,18,2
1912,4,66,0,12,7,2
702,1,15,0,20,4,2
763,1,15,0,17,16,2
622,1,15,0,11,15,2
1745,40,4,1,21,0,2
1981,4,55,0,11,4,2
1900,4,55,0,19,2,2
73,35,0,1,13,4,2
613,1,17,0,16,14,2
1357,32,3,1,20,2,2
856,63,2,1,16,1,2
9,35,0,1,5,1,2
949,29,2,1,0,1,2
275,0,65,0,20,4,2
1950,4,55,0,18,1,2
913,16,2,1,7,4,2
204,0,55,0,21,16,2
1740,62,4,1,21,2,2
980,16,2,1,15,2,2
742,1,17,0,17,2,2
897,16,2,1,21,2,2
1558,3,55,0,21,3,2
1660,77,4,1,3,1,2
412,76,1,1,21,1,2
519,76,1,1,5,2,2
102,49,0,1,24,3,2
1240,37,3,1,3,2,2
271,0,65,0,13,14,2
1279,49,3,1,5,4,2
942,16,2,1,14,3,2
95,57,0,1,4,2,2
487,52,1,1,5,2,2
1079,2,18,0,17,2,2
408,76,1,1,23,5,2
513,76,1,1,11,5,2
643,1,15,0,20,6,2
1713,62,4,1,8,4,2
272,0,18,0,11,5,2
1358,32,3,1,12,4,2
216,0,65,0,19,7,2
144,49,0,1,9,5,2
1987,4,66,0,20,7,2
435,52,1,1,16,3,2
1849,4,66,0,14,4,2
1447,3,55,0,11,16,2
350,0,18,0,12,10,2
1699,62,4,1,6,4,2
1809,4,79,0,13,7,2
1925,4,66,0,13,4,2
1478,3,82,0,20,14,2
181,57,0,1,19,2,2
447,92,1,1,24,0,2
413,76,1,1,0,2,2
1426,3,82,0,18,8,2
1807,4,79,0,21,1,2
1265,32,3,1,21,0,2
82,35,0,1,16,1,2
557,52,1,1,6,0,2
385,0,18,0,17,4,2
771,1,17,0,12,15,2
448,76,1,1,22,3,2
672,1,15,0,15,5,2
779,1,15,0,20,14,2
324,0,55,0,16,3,2
1737,40,4,1,13,0,2
1549,3,66,0,19,18,2
1414,3,66,0,17,2,2
1397,32,3,1,2,5,2
1454,3,55,0,15,14,2
460,52,1,1,14,2,2
635,1,17,0,15,1,2
230,0,55,0,14,16,2
497,76,1,1,5,0,2
1934,4,55,0,15,13,2
53,35,0,1,12,2,2
1041,2,18,0,11,15,2
550,92,1,1,0,1,2
1066,2,15,0,20,10,2
1496,3,55,0,11,9,2
311,0,55,0,17,14,2
129,57,0,1,19,5,2
1386,49,3,1,13,1,2
1275,32,3,1,9,0,2
1597,3,55,0,18,12,2
716,1,15,0,18,6,2
1840,4,55,0,19,3,2
1128,2,15,0,20,2,2
128,57,0,1,6,0,2
1799,62,4,1,15,5,2
135,49,0,1,8,0,2
1528,3,82,0,17,16,2
639,1,17,0,13,15,2
44,49,0,1,1,4,2
1823,4,55,0,17,18,2
1245,37,3,1,20,0,2
586,92,1,1,4,1,2
693,1,17,0,20,16,2
1875,4,79,0,19,5,2
703,1,15,0,14,6,2
1984,4,66,0,20,13,2
1637,77,4,1,19,3,2
58,57,0,1,4,2,2
842,16,2,1,19,4,2
1250,32,3,1,22,2,2
1055,2,79,0,21,14,2
614,1,15,0,15,17,2
710,1,15,0,16,8,2
944,29,2,1,24,5,2
1192,2,18,0,12,10,2
1076,2,79,0,19,5,2
1344,49,3,1,22,0,2
848,29,2,1,5,1,2
921,63,2,1,11,2,2
1535,3,66,0,15,17,2
420,76,1,1,13,1,2
1326,32,3,1,13,5,2
70,49,0,1,6,5,2
457,52,1,1,15,0,2
879,63,2,1,8,4,2
893,29,2,1,6,3,2
260,0,55,0,13,0,2
335,0,55,0,16,4,2
1884,4,55,0,18,11,2
621,1,17,0,11,9,2
553,52,1,1,12,2,2
526,76,1,1,14,5,2
463,92,1,1,11,4,2
1180,2,79,0,21,4,2
1092,2,15,0,13,12,2
1533,3,55,0,17,15,2
663,1,66,0,12,3,2
1232,32,3,1,16,3,2
116,57,0,1,2,4,2
957,16,2,1,9,3,2
1657,77,4,1,4,2,2
1466,3,55,0,20,7,2
1393,49,3,1,18,2,2
1186,2,79,0,13,12,2
61,57,0,1,17,3,2
1442,3,66,0,16,8,2
1047,2,18,0,12,8,2
1024,2,15,0,18,8,2
1601,40,4,1,19,2,2
631,1,66,0,15,11,2
318,0,65,0,11,0,2
760,1,15,0,15,9,2
1264,49,3,1,16,2,2
1473,3,66,0,14,14,2
1994,4,79,0,19,7,2
255,0,18,0,11,16,2
1563,3,55,0,21,16,2
1624,62,4,1,22,2,2
1536,3,66,0,15,10,2
428,76,1,1,23,5,2
772,1,15,0,19,18,2
1077,2,15,0,16,2,2
1870,4,79,0,13,16,2
834,29,2,1,5,2,2
501,92,1,1,5,4,2
430,52,1,1,12,4,2
664,1,17,0,11,15,2
1140,2,79,0,15,8,2
1477,3,82,0,17,19,2
1829,4,55,0,15,15,2
1281,37,3,1,20,5,2
750,1,17,0,18,4,2
1901,4,66,0,16,15,2
1886,4,55,0,12,10,2
1004,2,15,0,21,8,2
1522,3,66,0,12,13,2
1718,62,4,1,8,1,2
931,29,2,1,7,3,2
1850,4,79,0,14,6,2
1049,2,79,0,18,6,2
654,1,17,0,18,8,2
237,0,18,0,14,17,2
1018,2,18,0,12,4,2
270,0,18,0,18,11,2
1780,77,4,1,18,3,2
1980,4,66,0,18,12,2
1115,2,18,0,16,2,2
1197,2,18,0,12,8,2
1179,2,15,0,15,16,2
1319,37,3,1,18,3,2
1534,3,66,0,20,2,2
16,35,0,1,1,1,2
1953,4,55,0,14,16,2
1871,4,66,0,15,7,2
875,63,2,1,3,0,2
727,1,66,0,18,13,2
1143,2,15,0,19,12,2
1349,32,3,1,11,5,2
1654,40,4,1,4,3,2
1288,32,3,1,7,2,2
943,29,2,1,4,4,2
731,1,15,0,11,2,2
1571,3,66,0,13,18,2
696,1,17,0,20,5,2
296,0,18,0,16,19,2
418,52,1,1,15,3,2
1301,32,3,1,8,0,2
1506,3,66,0,17,18,2
638,1,17,0,21,2,2
207,0,65,0,21,8,2
1483,3,55,0,12,5,2
1547,3,66,0,13,11,2
1015,2,18,0,13,11,2
561,92,1,1,18,5,2
1266,49,3,1,6,2,2
941,16,2,1,8,3,2
1262,49,3,1,11,2,2
1803,4,66,0,11,9,2
825,29,2,1,2,5,2
184,35,0,1,2,4,2
1387,37,3,1,23,0,2
670,1,17,0,11,19,2
525,92,1,1,21,3,2
722,1,15,0,19,16,2
985,63,2,1,22,1,2
1906,4,55,0,15,19,2
741,1,15,0,14,15,2
189,35,0,1,23,1,2
1175,2,79,0,13,0,2
1138,2,79,0,20,6,2
1544,3,66,0,12,9,2
1991,4,55,0,19,7,2
1778,40,4,1,15,5,2
205,0,18,0,21,13,2
1022,2,15,0,15,11,2
1258,49,3,1,11,2,2
1203,37,3,1,9,1,2
1623,62,4,1,9,4,2
809,16,2,1,7,2,2
99,35,0,1,11,0,2
822,63,2,1,6,1,2
1859,4,55,0,16,10,2
1070,2,15,0,17,6,2
641,1,17,0,14,4,2
1375,37,3,1,17,2,2
321,0,65,0,15,13,2
225,0,55,0,20,1,2
127,49,0,1,19,4,2
436,76,1,1,16,0,2
431,52,1,1,6,3,2
398,0,65,0,13,2,2
217,0,55,0,17,16,2
583,52,1,1,0,1,2
1097,2,18,0,17,16,2
241,0,65,0,17,2,2
1961,4,55,0,13,6,2
1945,4,79,0,15,9,2
1630,77,4,1,4,2,2
1438,3,55,0,18,11,2
1019,2,79,0,13,9,2
1968,4,79,0,14,3,2
751,1,17,0,16,16,2
787,1,17,0,17,17,2
1843,4,55,0,16,8,2
424,76,1,1,5,1,2
1567,3,66,0,15,5,2
1305,49,3,1,0,1,2
1645,40,4,1,6,3,2
77,49,0,1,15,2,2
830,16,2,1,24,1,2
109,57,0,1,5,2,2
815,29,2,1,18,3,2
55,49,0,1,9,1,2
1095,2,15,0,11,1,2
679,1,66,0,18,6,2
1588,3,66,0,15,17,2
1918,4,66,0,16,16,2
1284,32,3,1,9,5,2
711,1,15,0,18,0,2
652,1,66,0,18,15,2
1572,3,66,0,19,12,2
299,0,55,0,11,9,2
1920,4,55,0,17,6,2
1760,77,4,1,24,2,2
945,16,2,1,21,2,2
828,63,2,1,14,3,2
1075,2,18,0,18,18,2
568,92,1,1,7,5,2
1519,3,82,0,18,18,2
473,92,1,1,4,3,2
851,29,2,1,13,4,2
238,0,65,0,15,14,2
1992,4,66,0,21,18,2
1521,3,55,0,17,19,2
1435,3,55,0,13,8,2
1729,62,4,1,22,4,2
1494,3,82,0,19,0,2
136,57,0,1,17,1,2
1201,32,3,1,4,4,2
1562,3,55,0,21,7,2
1271,49,3,1,6,2,2
832,63,2,1,3,5,2
437,76,1,1,17,5,2
1781,62,4,1,0,5,2
1746,62,4,1,4,4,2
1678,77,4,1,21,2,2
1423,3,66,0,19,10,2
1159,2,18,0,17,12,2
343,0,55,0,16,3,2
309,0,65,0,18,15,2
1682,40,4,1,4,4,2
1728,77,4,1,2,0,2
1923,4,66,0,11,3,2
130,35,0,1,6,2,2
1474,3,66,0,16,6,2
150,35,0,1,24,3,2
485,76,1,1,5,0,2
1272,49,3,1,11,2,2
1274,49,3,1,13,5,2
389,0,65,0,11,2,2
1856,4,66,0,18,18,2
35,35,0,1,15,3,2
293,0,18,0,16,16,2
1509,3,66,0,14,10,2
701,1,15,0,17,16,2
1134,2,79,0,21,11,2
1742,77,4,1,7,1,2
1017,2,18,0,16,1,2
609,1,66,0,16,17,2
650,1,66,0,14,14,2
1215,32,3,1,23,3,2
1826,4,79,0,12,11,2
1846,4,66,0,15,8,2
970,63,2,1,8,1,2
1517,3,82,0,13,11,2
1236,49,3,1,13,5,2
1487,3,82,0,14,1,2
21,57,0,1,10,1,2
1709,40,4,1,21,0,2
1692,62,4,1,10,4,2
725,1,15,0,12,9,2
1831,4,55,0,11,4,2
221,0,55,0,18,6,2
1213,32,3,1,17,2,2
263,0,65,0,16,3,2
306,0,18,0,18,0,2
1251,37,3,1,20,1,2
1698,62,4,1,3,0,2
1465,3,82,0,16,3,2
686,1,17,0,18,2,2
97,49,0,1,16,1,2
1151,2,79,0,16,11,2
1516,3,82,0,13,1,2
684,1,15,0,19,6,2
268,0,55,0,11,11,2
982,29,2,1,8,3,2
645,1,66,0,19,7,2
850,16,2,1,17,4,2
1683,62,4,1,22,0,2
1363,49,3,1,6,1,2
220,0,55,0,14,10,2
464,52,1,1,8,4,2
961,63,2,1,8,0,2
1278,49,3,1,13,3,2
754,1,17,0,17,9,2
1173,2,15,0,19,19,2
427,52,1,1,7,0,2
689,1,17,0,19,14,2
325,0,18,0,14,19,2
1818,4,55,0,12,4,2
737,1,15,0,20,2,2
1306,37,3,1,16,3,2
1719,77,4,1,17,2,2
678,1,17,0,21,10,2
297,0,55,0,18,15,2
1144,2,18,0,21,1,2
667,1,17,0,16,3,2
347,0,55,0,19,14,2
479,52,1,1,3,1,2
1219,49,3,1,17,3,2
1209,32,3,1,2,0,2
1087,2,79,0,18,10,2
1086,2,18,0,17,19,2
1312,37,3,1,6,1,2
1303,49,3,1,18,2,2
1922,4,55,0,14,4,2
1421,3,66,0,15,6,2
1954,4,55,0,15,8,2
122,35,0,1,14,2,2
1847,4,79,0,12,14,2
405,76,1,1,7,1,2
1688,62,4,1,0,4,2
401,52,1,1,0,2,2
874,16,2,1,10,3,2
1332,37,3,1,17,1,2
1260,37,3,1,7,3,2
1620,77,4,1,1,2,2
1135,2,79,0,13,3,2
305,0,18,0,19,10,2
266,0,18,0,17,11,2
627,1,15,0,18,12,2
948,63,2,1,3,5,2
105,35,0,1,8,2,2
884,29,2,1,24,4,2
634,1,66,0,11,19,2
578,92,1,1,14,0,2
481,92,1,1,8,5,2
1585,3,82,0,19,4,2
1261,32,3,1,0,2,2
478,76,1,1,15,2,2
1584,3,82,0,19,3,2
100,49,0,1,9,3,2
1703,62,4,1,11,4,2
235,0,55,0,14,8,2
736,1,15,0,18,17,2
1471,3,82,0,16,11,2
290,0,18,0,13,5,2
552,92,1,1,3,1,2
559,92,1,1,8,1,2
1639,62,4,1,16,2,2
780,1,15,0,18,1,2
821,63,2,1,15,0,2
1881,4,79,0,14,1,2
1495,3,66,0,21,5,2
1896,4,55,0,16,2,2
27,57,0,1,6,4,2
1863,4,79,0,13,3,2
1813,4,66,0,19,11,2
1359,37,3,1,11,2,2
446,52,1,1,8,1,2
1727,40,4,1,0,1,2
1277,37,3,1,3,3,2
265,0,65,0,12,8,2
665,1,15,0,19,10,2
329,0,65,0,16,3,2
1317,49,3,1,21,0,2
1589,3,66,0,19,6,2
186,49,0,1,8,4,2
656,1,15,0,15,14,2
606,1,17,0,12,3,2
1094,2,18,0,16,5,2
1820,4,55,0,16,2,2
1514,3,66,0,18,13,2
1335,32,3,1,6,1,2
117,35,0,1,19,5,2
1088,2,79,0,19,14,2
1187,2,18,0,14,8,2
1836,4,79,0,18,2,2
341,0,18,0,13,12,2
118,35,0,1,0,5,2
1351,37,3,1,20,4,2
67,49,0,1,0,3,2
489,76,1,1,2,5,2
1035,2,15,0,21,2,2
977,29,2,1,14,2,2
259,0,18,0,19,16,2
426,52,1,1,0,2,2
1510,3,55,0,17,8,2
572,76,1,1,14,5,2
1975,4,66,0,17,12,2
1758,40,4,1,6,4,2
345,0,55,0,13,11,2
1380,32,3,1,8,4,2
39,57,0,1,10,5,2
312,0,18,0,15,17,2
422,52,1,1,13,3,2
1515,3,55,0,16,11,2
589,52,1,1,1,5,2
596,92,1,1,9,5,2
979,16,2,1,0,2,2
1006,2,15,0,11,13,2
1580,3,55,0,16,3,2
46,57,0,1,20,3,2
1246,32,3,1,14,3,2
1181,2,18,0,12,13,2
793,1,17,0,18,10,2
529,76,1,1,21,1,2
1546,3,66,0,13,10,2
1449,3,55,0,11,0,2
190,49,0,1,20,3,2
1788,77,4,1,10,2,2
1681,77,4,1,18,0,2
705,1,15,0,13,0,2
1229,49,3,1,8,3,2
1897,4,79,0,11,16,2
1761,77,4,1,6,4,2
1520,3,55,0,15,8,2
1532,3,66,0,16,11,2
1475,3,66,0,18,14,2
1561,3,82,0,20,13,2
495,76,1,1,5,3,2
113,35,0,1,16,4,2
1169,2,18,0,19,8,2
193,57,0,1,16,2,2
1552,3,82,0,21,16,2
1667,62,4,1,4,3,2
1671,40,4,1,14,0,2
1409,3,66,0,16,2,2
1816,4,55,0,15,7,2
159,57,0,1,15,0,2
1722,77,4,1,6,1,2
1227,32,3,1,13,5,2
45,35,0,1,9,3,2
555,76,1,1,23,2,2
901,29,2,1,7,5,2
1430,3,82,0,20,7,2
125,49,0,1,2,3,2
1822,4,79,0,12,13,2
605,1,66,0,12,13,2
1468,3,82,0,11,2,2
845,16,2,1,20,5,2
855,16,2,1,1,3,2
658,1,15,0,18,13,2
1113,2,15,0,13,14,2
1419,3,55,0,11,1,2
584,92,1,1,14,0,2
1883,4,79,0,14,19,2
357,0,65,0,16,10,2
745,1,15,0,16,4,2
1550,3,82,0,16,11,2
1874,4,55,0,13,15,2
1282,49,3,1,8,2,2
1112,2,18,0,21,11,2
1756,77,4,1,18,4,2
891,16,2,1,12,2,2
1996,4,55,0,11,3,2
1069,2,15,0,21,14,2
998,63,2,1,6,4,2
962,16,2,1,20,2,2
676,1,66,0,13,13,2
546,52,1,1,0,5,2
482,52,1,1,23,5,2
1974,4,55,0,14,0,2
48,57,0,1,5,2,2
359,0,65,0,11,19,2
24,35,0,1,14,0,2
145,57,0,1,1,0,2
1577,3,55,0,20,9,2
64,57,0,1,0,1,2
54,57,0,1,23,3,2
1156,2,15,0,13,1,2
748,1,17,0,20,19,2
1631,40,4,1,5,0,2
695,1,66,0,21,4,2
824,29,2,1,18,5,2
1488,3,82,0,15,15,2
1337,37,3,1,18,5,2
1838,4,66,0,21,15,2
133,57,0,1,11,2,2
1193,2,79,0,14,15,2
1226,32,3,1,12,3,2
367,0,55,0,13,18,2
2,57,0,1,3,2,2
1374,49,3,1,21,4,2
1149,2,15,0,17,13,2
6,57,0,1,14,4,2
1371,32,3,1,5,5,2
729,1,66,0,13,5,2
214,0,55,0,13,10,2
507,76,1,1,24,0,2
1670,62,4,1,22,1,2
1224,49,3,1,19,1,2
554,92,1,1,6,2,2
480,76,1,1,20,5,2
1832,4,55,0,13,19,2
1748,62,4,1,9,0,2
1302,49,3,1,18,1,2
349,0,65,0,21,2,2
96,49,0,1,15,1,2
1364,37,3,1,0,4,2
307,0,18,0,15,11,2
163,49,0,1,5,3,2
356,0,55,0,18,11,2
1899,4,55,0,16,14,2
812,29,2,1,24,1,2
195,35,0,1,17,2,2
1171,2,79,0,15,4,2
20,57,0,1,17,3,2
1431,3,82,0,11,15,2
636,1,17,0,15,3,2
840,63,2,1,7,0,2
1174,2,79,0,15,0,2
177,35,0,1,21,5,2
952,29,2,1,11,4,2
1978,4,55,0,11,10,2
1235,49,3,1,5,3,2
1328,32,3,1,19,0,2
1665,40,4,1,17,3,2
603,1,15,0,16,5,2
348,0,65,0,19,4,2
1429,3,66,0,11,10,2
486,52,1,1,18,1,2
111,49,0,1,24,0,2
922,63,2,1,1,3,2
1280,32,3,1,13,1,2
72,57,0,1,3,2,2
769,1,17,0,19,7,2
1894,4,66,0,16,17,2
1539,3,66,0,15,18,2
1755,77,4,1,1,0,2
556,92,1,1,13,2,2
912,16,2,1,22,2,2
515,92,1,1,2,5,2
1773,62,4,1,14,2,2
1150,2,79,0,13,5,2
1689,77,4,1,11,4,2
1804,4,66,0,20,10,2
673,1,66,0,12,16,2
1333,32,3,1,22,2,2
911,29,2,1,3,4,2
471,92,1,1,19,1,2
154,49,0,1,0,0,2
1641,77,4,1,18,5,2
78,35,0,1,8,1,2
1921,4,66,0,15,13,2
1154,2,18,0,15,7,2
183,57,0,1,11,0,2
1309,49,3,1,19,3,2
1411,3,82,0,15,19,2
1658,40,4,1,5,2,2
286,0,55,0,17,15,2
1869,4,79,0,19,0,2
784,1,17,0,13,1,2
1498,3,55,0,21,13,2
1025,2,79,0,17,14,2
1932,4,55,0,19,12,2
588,52,1,1,15,2,2
1462,3,82,0,20,1,2
1078,2,79,0,15,2,2
789,1,15,0,19,7,2
1081,2,18,0,11,7,2
844,63,2,1,22,1,2
1314,37,3,1,9,2,2
535,76,1,1,2,4,2
747,1,66,0,21,10,2
1153,2,18,0,11,9,2
607,1,17,0,16,2,2
1650,62,4,1,22,4,2
339,0,65,0,11,19,2
161,49,0,1,17,5,2
1373,49,3,1,23,1,2
462,92,1,1,2,5,2
1508,3,55,0,14,18,2
1199,2,18,0,19,15,2
17,35,0,1,15,5,2
1759,62,4,1,1,0,2
410,92,1,1,18,1,2
1596,3,66,0,12,4,2
1646,77,4,1,18,5,2
1593,3,82,0,15,3,2
173,57,0,1,14,1,2
746,1,66,0,12,11,2
538,76,1,1,7,4,2
369,0,55,0,15,5,2
294,0,65,0,13,15,2
1559,3,66,0,11,11,2
1956,4,79,0,17,6,2
517,52,1,1,20,2,2
228,0,55,0,16,7,2
1105,2,18,0,12,7,2
651,1,66,0,18,12,2
923,29,2,1,18,3,2
1247,49,3,1,9,0,2
382,0,65,0,16,19,2
939,63,2,1,4,3,2
126,57,0,1,10,1,2
1862,4,55,0,15,0,2
1433,3,66,0,20,13,2
1051,2,18,0,15,18,2
829,16,2,1,24,4,2
1285,49,3,1,9,2,2
920,16,2,1,23,2,2
165,35,0,1,3,5,2
1548,3,66,0,21,10,2
1307,49,3,1,20,2,2
477,76,1,1,18,3,2
201,0,55,0,19,6,2
932,16,2,1,16,1,2
84,49,0,1,6,2,2
1336,49,3,1,21,4,2
777,1,17,0,13,7,2
1283,37,3,1,6,5,2
409,52,1,1,17,1,2
1050,2,15,0,17,13,2
918,16,2,1,13,1,2
1653,40,4,1,8,0,2
1300,32,3,1,20,3,2
1797,77,4,1,1,3,2
1784,77,4,1,15,0,2
406,92,1,1,6,1,2
1762,77,4,1,20,2,2
996,63,2,1,1,2,2
1482,3,66,0,11,0,2
210,0,55,0,19,4,2
381,0,55,0,11,9,2
595,92,1,1,17,4,2
786,1,17,0,16,2,2
1,35,0,1,22,0,2
1381,32,3,1,14,1,2
231,0,65,0,15,6,2
178,57,0,1,5,3,2
1259,49,3,1,6,5,2
838,16,2,1,16,5,2
888,29,2,1,16,2,2
1217,49,3,1,5,0,2
174,49,0,1,12,0,2
1191,2,18,0,18,18,2
1461,3,66,0,11,15,2
153,57,0,1,9,4,2
1114,2,18,0,13,19,2
1228,37,3,1,23,4,2
1030,2,79,0,14,4,2
1408,3,82,0,11,5,2
548,76,1,1,5,2,2
1040,2,79,0,18,5,2
863,16,2,1,23,0,2
1356,37,3,1,12,0,2
1647,40,4,1,3,3,2
1367,37,3,1,13,1,2
503,76,1,1,17,4,2
1107,2,79,0,16,16,2
1339,32,3,1,12,4,2
1033,2,18,0,15,4,2
1125,2,15,0,11,3,2
1252,37,3,1,8,4,2
1345,49,3,1,16,0,2
577,92,1,1,18,5,2
258,0,18,0,17,10,2
1119,2,15,0,15,16,2
858,63,2,1,19,1,2
1286,37,3,1,12,4,2
1071,2,18,0,15,14,2
540,76,1,1,15,2,2
1970,4,55,0,13,7,2
960,16,2,1,7,0,2
351,0,18,0,14,0,2
1437,3,66,0,19,14,2
1999,4,66,0,13,4,2
626,1,17,0,15,13,2
1417,3,66,0,12,6,2
908,16,2,1,23,2,2
1569,3,66,0,18,1,2
63,57,0,1,5,4,2
1073,2,15,0,14,17,2
1208,49,3,1,0,1,2
1037,2,79,0,16,4,2
1341,37,3,1,24,0,2
1057,2,18,0,13,13,2
37,57,0,1,16,0,2
662,1,15,0,20,17,2
10,35,0,1,0,0,2
1009,2,79,0,18,12,2
1793,77,4,1,19,4,2
267,0,65,0,20,8,2
1042,2,15,0,21,1,2
506,76,1,1,13,0,2
1388,49,3,1,5,4,2
565,76,1,1,15,3,2
120,49,0,1,5,5,2
1695,62,4,1,6,2,2
762,1,15,0,14,0,2
250,0,18,0,17,16,2
121,49,0,1,21,1,2
973,63,2,1,13,5,2
1100,2,15,0,13,16,2
1168,2,15,0,18,5,2
520,52,1,1,1,2,2
377,0,55,0,13,16,2
1211,37,3,1,19,1,2
1428,3,82,0,19,0,2
677,1,66,0,11,14,2
1910,4,79,0,21,9,2
796,1,15,0,20,17,2
1701,62,4,1,14,5,2
1827,4,79,0,15,19,2
590,92,1,1,24,3,2
1694,40,4,1,16,1,2
1121,2,15,0,11,1,2
1310,49,3,1,2,1,2
813,63,2,1,3,1,2
527,76,1,1,20,5,2
1406,3,82,0,16,9,2
1148,2,18,0,16,8,2
887,29,2,1,8,5,2
1068,2,79,0,17,1,2
580,52,1,1,8,4,2
585,76,1,1,20,0,2
1136,2,15,0,14,4,2
411,92,1,1,12,4,2
1951,4,55,0,12,9,2
276,0,65,0,21,18,2
440,92,1,1,19,3,2
1500,3,66,0,13,18,2
1917,4,79,0,17,0,2
604,1,17,0,14,3,2
1432,3,82,0,21,16,2
508,92,1,1,4,3,2
1270,32,3,1,6,5,2
1905,4,66,0,21,12,2
1334,49,3,1,12,3,2
1564,3,66,0,15,1,2
1504,3,82,0,12,11,2
442,52,1,1,13,4,2
531,76,1,1,20,2,2
1895,4,55,0,20,11,2
1026,2,18,0,13,0,2
1575,3,55,0,18,15,2
1938,4,79,0,18,18,2
1590,3,82,0,15,17,2
1690,62,4,1,12,1,2
1479,3,66,0,17,16,2
1133,2,18,0,15,18,2
1538,3,66,0,14,7,2
1542,3,55,0,21,17,2
1434,3,55,0,16,17,2
917,16,2,1,5,3,2
1693,40,4,1,24,1,2
149,57,0,1,3,5,2
1108,2,15,0,11,2,2
147,49,0,1,22,5,2
963,16,2,1,7,5,2
416,92,1,1,4,4,2
107,57,0,1,18,0,2
1043,2,18,0,14,10,2
444,92,1,1,8,3,2
712,1,17,0,16,15,2
593,52,1,1,0,3,2
364,0,18,0,20,6,2
1555,3,82,0,12,11,2
249,0,18,0,18,17,2
1706,77,4,1,21,2,2
1852,4,79,0,11,1,2
180,35,0,1,10,2,2
43,57,0,1,17,3,2
1924,4,79,0,21,7,2
937,63,2,1,5,2,2
1613,77,4,1,15,0,2
1734,62,4,1,17,2,2
1939,4,66,0,17,11,2
194,57,0,1,10,2,2
396,0,65,0,21,10,2
628,1,15,0,11,7,2
816,63,2,1,9,1,2
721,1,15,0,12,0,2
1056,2,18,0,20,7,2
1299,37,3,1,12,5,2
1712,77,4,1,11,1,2
732,1,66,0,21,16,2
797,1,17,0,17,14,2
1721,40,4,1,21,1,2
1997,4,55,0,12,12,2
1834,4,55,0,16,16,2
1383,32,3,1,23,0,2
256,0,65,0,17,19,2
36,49,0,1,2,2,2
1702,40,4,1,17,4,2
1844,4,79,0,21,9,2
1379,49,3,1,10,4,2
1774,40,4,1,21,3,2
1287,37,3,1,23,1,2
114,49,0,1,10,1,2
827,16,2,1,13,2,2
542,76,1,1,3,0,2
11,49,0,1,22,1,2
869,63,2,1,19,2,2
34,49,0,1,16,0,2
1395,32,3,1,21,3,2
1736,62,4,1,23,1,2
988,16,2,1,12,5,2
1012,2,79,0,15,1,2
648,1,15,0,13,7,2
1028,2,79,0,18,12,2
1146,2,18,0,12,18,2
232,0,55,0,20,11,2
681,1,17,0,16,18,2
728,1,15,0,15,3,2
288,0,55,0,18,8,2
282,0,65,0,12,16,2
1669,62,4,1,24,5,2
1003,2,18,0,12,7,2
1080,2,79,0,16,16,2
1929,4,66,0,11,16,2
1297,49,3,1,15,2,2
802,16,2,1,4,2,2
1933,4,55,0,13,3,2
353,0,18,0,14,19,2
1962,4,66,0,21,7,2
52,57,0,1,24,4,2
629,1,66,0,18,15,2
314,0,18,0,12,17,2
1990,4,79,0,18,7,2
1061,2,15,0,18,9,2
1126,2,18,0,16,19,2
1615,77,4,1,12,5,2
1198,2,15,0,20,0,2
158,49,0,1,18,2,2
289,0,65,0,19,13,2
1969,4,79,0,21,0,2
19,57,0,1,24,4,2
1340,32,3,1,15,5,2
1554,3,55,0,20,0,2
279,0,65,0,17,10,2
1507,3,55,0,21,3,2
1511,3,82,0,13,2,2
212,0,65,0,14,2,2
1848,4,79,0,12,10,2
719,1,17,0,11,2,2
1686,40,4,1,6,5,2
582,92,1,1,13,3,2
1384,32,3,1,8,2,2
1792,77,4,1,13,5,2
1403,3,66,0,19,13,2
964,16,2,1,9,3,2
720,1,15,0,18,5,2
79,57,0,1,20,1,2
700,1,15,0,20,8,2
14,57,0,1,14,3,2
1708,77,4,1,7,5,2
1503,3,55,0,18,0,2
549,52,1,1,16,4,2
340,0,18,0,15,11,2
1779,77,4,1,22,1,2
1147,2,79,0,16,10,2
1971,4,55,0,18,0,2
791,1,15,0,19,7,2
1145,2,79,0,17,7,2
218,0,55,0,16,17,2
1892,4,55,0,13,2,2
322,0,55,0,18,1,2
924,63,2,1,7,4,2
775,1,66,0,19,5,2
326,0,65,0,16,2,2
57,35,0,1,0,2,2
1611,77,4,1,16,4,2
615,1,17,0,13,16,2
1210,32,3,1,21,4,2
625,1,15,0,13,8,2
1972,4,55,0,14,2,2
1609,62,4,1,11,1,2
90,49,0,1,1,3,2
1635,40,4,1,19,4,2
80,57,0,1,22,3,2
935,29,2,1,19,4,2
1750,40,4,1,12,3,2
699,1,66,0,21,19,2
755,1,17,0,20,18,2
202,0,65,0,18,13,2
955,63,2,1,2,1,2
1416,3,82,0,17,10,2
172,57,0,1,20,3,2
1008,2,15,0,18,11,2
811,63,2,1,22,3,2
1347,49,3,1,13,3,2
1540,3,66,0,11,5,2
191,49,0,1,10,5,2
1221,32,3,1,16,5,2
1391,32,3,1,2,4,2
344,0,18,0,13,16,2
680,1,17,0,12,16,2
599,92,1,1,20,1,2
1640,62,4,1,15,0,2
846,63,2,1,4,1,2
392,0,65,0,15,1,2
940,16,2,1,23,0,2
1808,4,79,0,11,7,2
1039,2,18,0,13,4,2
1842,4,55,0,11,13,2
88,49,0,1,16,4,2
1294,32,3,1,5,2,2
1531,3,82,0,16,18,2
1456,3,66,0,21,6,2
759,1,17,0,14,4,2
522,52,1,1,0,3,2
611,1,15,0,17,10,2
530,76,1,1,14,4,2
285,0,65,0,20,12,2
1011,2,79,0,13,13,2
773,1,17,0,20,17,2
966,16,2,1,1,1,2
1614,62,4,1,11,2,2
429,52,1,1,21,3,2
200,0,55,0,13,4,2
1707,62,4,1,6,0,2
1710,40,4,1,22,1,2
1096,2,15,0,18,19,2
817,29,2,1,19,1,2
905,63,2,1,9,2,2
861,16,2,1,20,1,2
655,1,66,0,15,19,2
871,29,2,1,16,0,2
862,16,2,1,21,5,2
1366,37,3,1,10,1,2
28,57,0,1,3,5,2
71,35,0,1,12,3,2
1789,77,4,1,3,2,2
618,1,66,0,21,6,2
903,63,2,1,4,4,2
510,52,1,1,21,4,2
1493,3,66,0,18,10,2
1738,40,4,1,6,3,2
1263,37,3,1,22,5,2
1441,3,66,0,21,4,2
511,92,1,1,22,4,2
319,0,55,0,20,13,2
484,76,1,1,4,2,2
576,76,1,1,24,2,2
983,16,2,1,22,3,2
1457,3,66,0,19,0,2
423,76,1,1,3,4,2
1230,49,3,1,6,0,2
1907,4,66,0,15,0,2
1602,40,4,1,12,5,2
1964,4,55,0,13,10,2
317,0,65,0,17,10,2
836,63,2,1,13,2,2
1501,3,82,0,18,7,2
334,0,65,0,19,1,2
355,0,65,0,13,16,2
452,92,1,1,23,4,2
373,0,55,0,12,17,2
616,1,17,0,18,19,2
900,16,2,1,22,0,2
434,76,1,1,8,1,2
1182,2,79,0,20,18,2
1628,77,4,1,8,0,2
770,1,66,0,16,11,2
1106,2,18,0,11,6,2
644,1,15,0,19,4,2
573,52,1,1,18,4,2
397,0,55,0,11,11,2
1806,4,79,0,14,9,2
997,16,2,1,8,4,2
826,63,2,1,14,2,2
1206,49,3,1,8,3,2
1129,2,15,0,12,2,2
370,0,55,0,12,1,2
244,0,65,0,12,16,2
142,57,0,1,17,2,2
1775,40,4,1,6,0,2
798,1,17,0,19,0,2
1067,2,18,0,11,12,2
456,52,1,1,10,2,2
1350,49,3,1,5,4,2
1993,4,79,0,14,11,2
1480,3,66,0,20,11,2
403,52,1,1,9,5,2
273,0,18,0,21,5,2
1322,32,3,1,2,3,2
476,92,1,1,2,3,2
1166,2,18,0,14,6,2
399,0,65,0,17,16,2
633,1,17,0,15,5,2
1453,3,55,0,12,12,2
1720,62,4,1,17,4,2
371,0,18,0,11,7,2
1238,32,3,1,8,4,2
278,0,55,0,18,7,2
1529,3,82,0,16,15,2
756,1,15,0,20,13,2
47,57,0,1,14,0,2
743,1,15,0,11,12,2
192,35,0,1,18,3,2
496,76,1,1,22,3,2
880,63,2,1,3,5,2
730,1,66,0,11,15,2
1725,77,4,1,17,4,2
1072,2,79,0,16,0,2
1902,4,66,0,19,17,2
1188,2,15,0,15,9,2
1377,37,3,1,14,5,2
1769,77,4,1,1,0,2
1723,77,4,1,13,0,2
896,16,2,1,22,2,2
1617,40,4,1,14,2,2
451,92,1,1,16,1,2
1214,37,3,1,7,0,2
89,35,0,1,18,1,2
619,1,17,0,17,18,2
1592,3,82,0,21,2,2
835,29,2,1,18,2,2
1401,3,55,0,21,16,2
1176,2,79,0,17,10,2
843,16,2,1,3,2,2
1027,2,79,0,21,10,2
336,0,55,0,14,19,2
197,49,0,1,15,3,2
134,49,0,1,16,3,2
800,16,2,1,22,1,2
50,49,0,1,1,0,2
1021,2,15,0,20,13,2
211,0,65,0,20,12,2
1390,49,3,1,6,0,2
608,1,17,0,12,3,2
1898,4,55,0,21,18,2
1268,37,3,1,1,0,2
1346,32,3,1,9,5,2
1427,3,82,0,12,7,2
814,16,2,1,3,4,2
1568,3,66,0,16,7,2
1444,3,66,0,18,16,2
1237,32,3,1,11,2,2
0,35,0,1,4,0,2
1007,2,15,0,17,11,2
1090,2,18,0,20,10,2
1876,4,79,0,21,3,2
1770,62,4,1,12,3,2
1664,77,4,1,0,1,2
1878,4,66,0,13,16,2
1854,4,55,0,21,1,2
175,35,0,1,21,4,2
1445,3,55,0,19,3,2
1450,3,66,0,18,7,2
1318,37,3,1,10,2,2
1368,32,3,1,12,5,2
723,1,15,0,18,5,2
1046,2,15,0,14,11,2
1485,3,82,0,14,13,2
1162,2,15,0,13,14,2
1420,3,82,0,18,11,2
151,57,0,1,2,4,2
1205,49,3,1,8,0,2
1935,4,55,0,15,8,2
819,16,2,1,6,4,2
219,0,65,0,21,5,2
878,29,2,1,1,5,2
1915,4,55,0,16,14,2
1931,4,79,0,12,6,2
1523,3,82,0,21,13,2
1817,4,79,0,21,13,2
886,16,2,1,23,1,2
458,76,1,1,2,3,2
567,92,1,1,20,4,2
1052,2,18,0,16,15,2
433,52,1,1,12,1,2
104,57,0,1,20,5,2
581,76,1,1,15,4,2
674,1,15,0,17,9,2
1158,2,18,0,15,11,2
4,35,0,1,5,3,2
899,16,2,1,1,3,2
492,92,1,1,8,5,2
1292,37,3,1,15,4,2
975,29,2,1,8,3,2
666,1,17,0,16,11,2
1965,4,66,0,20,18,2
972,16,2,1,18,2,2
533,52,1,1,10,4,2
1940,4,66,0,17,8,2
735,1,66,0,18,2,2
1998,4,66,0,18,3,2
1995,4,79,0,21,8,2
807,29,2,1,0,2,2
1329,32,3,1,5,4,2
1082,2,15,0,13,13,2
904,29,2,1,9,1,2
223,0,55,0,19,17,2
1766,62,4,1,6,2,2
543,76,1,1,5,2,2
1753,40,4,1,10,5,2
1248,37,3,1,12,5,2
1512,3,82,0,14,15,2
987,16,2,1,15,1,2
1014,2,15,0,21,7,2
801,16,2,1,9,2,2
93,57,0,1,17,1,2
950,29,2,1,21,1,2
1327,32,3,1,8,4,2
640,1,15,0,13,13,2
472,52,1,1,21,0,2
1782,77,4,1,15,2,2
1083,2,79,0,19,7,2
778,1,17,0,21,8,2
224,0,55,0,19,14,2
936,29,2,1,18,4,2
1952,4,55,0,13,7,2
1815,4,66,0,16,5,2
264,0,55,0,16,15,2
1634,62,4,1,4,4,2
1733,62,4,1,4,3,2
806,63,2,1,0,4,2
261,0,65,0,15,11,2
32,49,0,1,23,2,2
671,1,66,0,13,12,2
140,49,0,1,21,0,2
1873,4,66,0,11,10,2
744,1,66,0,21,14,2
1110,2,18,0,16,5,2
352,0,55,0,11,18,2
563,76,1,1,19,3,2
767,1,66,0,14,3,2
1576,3,55,0,18,1,2
805,63,2,1,3,0,2
1308,32,3,1,15,1,2
1877,4,55,0,18,3,2
233,0,55,0,13,18,2
1165,2,18,0,11,5,2
1743,40,4,1,5,5,2
208,0,55,0,20,5,2
494,76,1,1,1,5,2
1679,62,4,1,18,1,2
1365,32,3,1,15,3,2
1141,2,18,0,21,13,2
761,1,17,0,16,13,2
