6
812,76,2,1,12,0,2
2057,89,5,1,17,2,2
481,64,1,1,6,1,2
40,52,0,1,9,0,2
2155,26,5,1,24,5,2
16,52,0,1,6,5,2
1132,2,18,0,14,14,2
741,1,65,0,17,8,2
2179,78,5,1,16,1,2
1465,3,55,0,19,3,2
1764,75,4,1,16,3,2
1665,96,4,1,6,4,2
663,1,15,0,19,17,2
2231,5,53,0,19,4,2
732,1,82,0,11,18,2
1651,21,4,1,20,5,2
2381,5,15,0,16,3,2
375,0,50,0,17,19,2
1680,96,4,1,9,4,2
2160,26,5,1,6,0,2
271,0,82,0,14,11,2
1676,96,4,1,5,2,2
1434,3,55,0,12,14,2
2059,26,5,1,20,5,2
2153,89,5,1,16,3,2
1618,96,4,1,4,1,2
879,22,2,1,13,1,2
1102,2,67,0,20,17,2
1360,45,3,1,7,5,2
1993,4,17,0,11,8,2
882,22,2,1,14,1,2
622,1,65,0,20,13,2
14,31,0,1,3,3,2
1306,1,3,1,10,0,2
2093,26,5,1,5,3,2
145,75,0,1,19,2,2
1800,4,17,0,11,17,2
416,64,1,1,16,1,2
1732,96,4,1,13,1,2
132,75,0,1,17,5,2
892,76,2,1,22,2,2
2157,78,5,1,9,4,2
117,31,0,1,7,0,2
2361,5,53,0,14,5,2
1301,1,3,1,4,0,2
261,0,66,0,17,8,2
988,6,2,1,15,0,2
1387,1,3,1,1,2,2
1497,3,55,0,21,8,2
1211,1,3,1,23,2,2
123,31,0,1,22,0,2
1602,96,4,1,10,0,2
347,0,66,0,21,10,2
1260,26,3,1,3,2,2
2049,26,5,1,11,0,2
1139,2,79,0,12,16,2
285,0,82,0,19,2,2
1835,4,19,0,15,5,2
1771,96,4,1,22,4,2
1750,75,4,1,8,2,2
1297,45,3,1,7,5,2
534,24,1,1,2,2,2
133,75,0,1,3,3,2
886,6,2,1,17,5,2
1158,2,18,0,20,3,2
2034,78,5,1,6,2,2
989,6,2,1,1,1,2
270,0,50,0,13,8,2
158,31,0,1,20,2,2
1473,3,55,0,16,10,2
53,75,0,1,16,2,2
1646,21,4,1,24,3,2
1853,4,19,0,19,2,2
112,31,0,1,15,4,2
1295,1,3,1,9,2,2
311,0,66,0,15,1,2
912,22,2,1,0,4,2
420,64,1,1,14,2,2
1486,3,79,0,13,7,2
373,0,66,0,16,5,2
451,0,1,1,17,3,2
1939,4,79,0,12,15,2
1377,45,3,1,8,5,2
1815,4,19,0,11,9,2
1706,21,4,1,20,3,2
358,0,82,0,12,15,2
2152,78,5,1,0,4,2
1116,2,79,0,21,2,2
670,1,15,0,19,5,2
916,76,2,1,1,1,2
235,0,50,0,19,10,2
69,75,0,1,19,1,2
1613,75,4,1,20,2,2
184,52,0,1,15,2,2
2174,26,5,1,6,5,2
591,24,1,1,10,4,2
1821,4,79,0,19,3,2
2302,5,19,0,13,10,2
1042,2,18,0,16,1,2
129,31,0,1,24,3,2
720,1,65,0,20,19,2
1567,3,19,0,11,12,2
122,75,0,1,2,3,2
858,6,2,1,18,2,2
580,0,1,1,19,3,2
887,76,2,1,1,2,2
394,0,50,0,19,18,2
225,0,66,0,13,7,2
2090,26,5,1,14,2,2
2036,78,5,1,22,3,2
922,76,2,1,3,4,2
1859,4,19,0,13,15,2
1079,2,67,0,13,11,2
1284,45,3,1,17,4,2
1679,21,4,1,19,3,2
363,0,66,0,15,6,2
222,0,66,0,17,11,2
1517,3,55,0,19,14,2
313,0,82,0,11,5,2
305,0,66,0,11,13,2
19,75,0,1,17,1,2
521,64,1,1,23,1,2
690,1,15,0,18,2,2
1845,4,79,0,17,13,2
444,64,1,1,13,5,2
2309,5,19,0,12,15,2
2045,89,5,1,1,1,2
511,24,1,1,16,4,2
1329,26,3,1,7,2,2
1736,96,4,1,23,2,2
2147,26,5,1,5,5,2
468,0,1,1,4,0,2
1381,45,3,1,16,1,2
1326,1,3,1,3,2,2
2332,5,53,0,15,6,2
798,1,82,0,15,10,2
1596,3,79,0,13,4,2
1336,26,3,1,2,0,2
1369,26,3,1,12,0,2
1827,4,17,0,19,7,2
557,24,1,1,14,1,2
417,24,1,1,24,2,2
884,6,2,1,2,1,2
2340,5,15,0,16,16,2
628,1,15,0,11,18,2
935,22,2,1,4,5,2
2239,5,19,0,21,9,2
2364,5,53,0,17,13,2
2245,5,15,0,12,14,2
1190,2,18,0,17,4,2
764,1,15,0,16,19,2
127,31,0,1,4,2,2
1803,4,19,0,19,13,2
780,1,82,0,15,11,2
2005,26,5,1,6,1,2
22,75,0,1,11,5,2
1726,21,4,1,5,2,2
346,0,66,0,17,10,2
1523,3,55,0,16,19,2
81,52,0,1,11,5,2
990,22,2,1,23,2,2
674,1,15,0,11,8,2
555,64,1,1,12,2,2
267,0,82,0,20,5,2
1735,21,4,1,7,5,2
1621,21,4,1,18,2,2
179,31,0,1,6,4,2
1366,45,3,1,12,2,2
250,0,82,0,18,1,2
1635,21,4,1,11,1,2
219,0,66,0,21,8,2
805,76,2,1,19,3,2
269,0,82,0,15,0,2
1460,3,19,0,17,11,2
2195,78,5,1,7,3,2
2139,26,5,1,22,0,2
151,52,0,1,15,5,2
1416,3,79,0,13,8,2
1729,75,4,1,14,1,2
1065,2,18,0,18,15,2
247,0,82,0,13,3,2
2040,89,5,1,19,1,2
2039,89,5,1,1,3,2
229,0,66,0,17,11,2
326,0,50,0,19,18,2
1300,26,3,1,7,1,2
2221,5,19,0,11,18,2
370,0,82,0,21,14,2
1120,2,67,0,13,12,2
265,0,66,0,13,12,2
1923,4,19,0,20,11,2
12,52,0,1,24,0,2
940,22,2,1,17,1,2
234,0,50,0,11,18,2
1384,45,3,1,3,0,2
848,22,2,1,4,0,2
2064,26,5,1,5,4,2
2017,26,5,1,12,3,2
1723,96,4,1,0,4,2
1392,1,3,1,4,1,2
777,1,82,0,21,0,2
2188,78,5,1,21,2,2
1458,3,55,0,14,17,2
1609,75,4,1,22,1,2
1912,4,79,0,19,7,2
2198,78,5,1,23,3,2
1002,2,18,0,11,2,2
1889,4,19,0,11,18,2
29,31,0,1,18,3,2
25,31,0,1,10,2,2
1905,4,79,0,11,4,2
829,22,2,1,2,2,2
1892,4,79,0,21,16,2
1698,96,4,1,6,4,2
645,1,65,0,15,15,2
2335,5,19,0,16,0,2
1681,75,4,1,3,1,2
1772,75,4,1,12,4,2
2307,5,53,0,17,13,2
2132,26,5,1,1,5,2
1745,96,4,1,17,0,2
1208,26,3,1,11,3,2
769,1,15,0,19,17,2
1775,21,4,1,17,2,2
1592,3,79,0,15,15,2
1359,45,3,1,17,5,2
1670,96,4,1,17,0,2
33,52,0,1,3,4,2
1586,3,79,0,13,5,2
278,0,82,0,14,19,2
1801,4,19,0,19,16,2
1403,3,55,0,13,15,2
552,24,1,1,5,2,2
1511,3,55,0,21,9,2
258,0,50,0,12,19,2
2362,5,53,0,16,4,2
744,1,15,0,16,1,2
816,76,2,1,19,4,2
1051,2,18,0,12,8,2
107,52,0,1,0,4,2
548,0,1,1,18,0,2
83,52,0,1,13,4,2
2353,5,15,0,19,15,2
1006,2,79,0,21,10,2
1568,3,79,0,13,14,2
958,6,2,1,12,1,2
1987,4,79,0,17,17,2
1076,2,79,0,11,12,2
899,6,2,1,16,0,2
319,0,66,0,21,0,2
266,0,66,0,12,15,2
367,0,66,0,18,8,2
1570,3,55,0,11,18,2
515,64,1,1,0,0,2
2105,26,5,1,23,4,2
2022,89,5,1,13,2,2
97,52,0,1,10,4,2
345,0,50,0,20,17,2
649,1,82,0,15,11,2
1816,4,19,0,17,10,2
352,0,82,0,11,9,2
762,1,65,0,11,0,2
986,6,2,1,15,0,2
1272,1,3,1,16,0,2
2264,5,53,0,18,11,2
1151,2,79,0,17,16,2
907,76,2,1,22,3,2
327,0,66,0,15,19,2
984,22,2,1,1,2,2
436,64,1,1,4,1,2
707,1,82,0,11,9,2
1415,3,79,0,12,8,2
1309,26,3,1,5,5,2
523,0,1,1,6,3,2
652,1,65,0,14,1,2
2038,26,5,1,24,3,2
1177,2,18,0,11,17,2
982,6,2,1,3,5,2
35,75,0,1,8,3,2
1785,75,4,1,15,5,2
268,0,66,0,18,17,2
299,0,66,0,18,12,2
1153,2,67,0,14,14,2
809,6,2,1,7,4,2
2284,5,19,0,21,3,2
1961,4,19,0,21,0,2
1445,3,55,0,16,2,2
1766,75,4,1,9,0,2
1904,4,17,0,21,3,2
945,76,2,1,5,5,2
1115,2,79,0,21,5,2
128,52,0,1,23,0,2
78,31,0,1,9,2,2
470,0,1,1,1,0,2
1796,21,4,1,5,4,2
1429,3,79,0,19,4,2
1868,4,79,0,20,10,2
1588,3,55,0,19,5,2
1248,1,3,1,22,5,2
1178,2,18,0,18,11,2
1246,45,3,1,10,5,2
846,6,2,1,1,4,2
1388,45,3,1,2,5,2
315,0,66,0,19,12,2
743,1,15,0,18,11,2
510,64,1,1,11,5,2
1813,4,17,0,21,8,2
1826,4,17,0,13,3,2
260,0,50,0,19,13,2
76,31,0,1,23,3,2
1110,2,18,0,14,6,2
1232,1,3,1,17,1,2
655,1,82,0,17,17,2
1182,2,18,0,17,17,2
2086,26,5,1,10,1,2
543,0,1,1,2,5,2
482,64,1,1,24,2,2
246,0,82,0,12,0,2
506,0,1,1,7,4,2
1410,3,55,0,19,15,2
673,1,82,0,21,9,2
1709,75,4,1,16,0,2
1394,45,3,1,19,5,2
894,6,2,1,21,2,2
1508,3,79,0,12,7,2
1160,2,18,0,16,10,2
981,22,2,1,20,3,2
2260,5,15,0,13,15,2
2194,89,5,1,19,2,2
309,0,50,0,12,4,2
855,6,2,1,22,4,2
1545,3,19,0,11,16,2
1107,2,67,0,16,8,2
1997,4,17,0,20,18,2
1350,1,3,1,16,0,2
968,76,2,1,15,3,2
1479,3,79,0,13,13,2
207,0,66,0,16,16,2
251,0,66,0,14,15,2
411,0,1,1,13,5,2
197,52,0,1,20,2,2
2372,5,19,0,12,14,2
1143,2,18,0,20,10,2
1664,75,4,1,7,1,2
98,75,0,1,5,3,2
2303,5,15,0,12,18,2
2055,78,5,1,19,3,2
1179,2,79,0,21,3,2
1261,45,3,1,23,5,2
917,22,2,1,14,5,2
491,24,1,1,13,3,2
2099,89,5,1,11,1,2
681,1,15,0,13,16,2
1629,21,4,1,2,5,2
91,75,0,1,1,1,2
1331,1,3,1,20,4,2
533,0,1,1,24,2,2
450,64,1,1,3,0,2
1982,4,19,0,11,16,2
1104,2,18,0,18,8,2
216,0,50,0,15,17,2
1291,26,3,1,17,5,2
1264,26,3,1,16,3,2
1480,3,55,0,19,6,2
1148,2,79,0,11,1,2
642,1,15,0,12,19,2
324,0,82,0,17,1,2
1630,75,4,1,8,1,2
1660,75,4,1,6,5,2
1423,3,55,0,12,8,2
56,31,0,1,10,0,2
544,24,1,1,24,4,2
2388,5,15,0,16,0,2
717,1,65,0,19,17,2
987,76,2,1,13,2,2
263,0,66,0,13,17,2
549,64,1,1,5,5,2
1918,4,19,0,12,18,2
1286,1,3,1,5,1,2
1566,3,79,0,12,3,2
979,6,2,1,22,1,2
1632,75,4,1,8,2,2
1901,4,79,0,19,16,2
1259,1,3,1,6,4,2
2237,5,53,0,16,11,2
1833,4,17,0,13,11,2
697,1,15,0,16,12,2
535,64,1,1,23,5,2
2196,89,5,1,7,2,2
1454,3,55,0,16,4,2
2341,5,19,0,12,15,2
672,1,82,0,19,9,2
2145,78,5,1,6,0,2
310,0,82,0,17,12,2
1907,4,19,0,13,12,2
598,24,1,1,11,4,2
1584,3,19,0,18,0,2
17,31,0,1,20,3,2
1583,3,79,0,11,1,2
337,0,82,0,18,8,2
757,1,82,0,14,6,2
735,1,82,0,12,1,2
1,31,0,1,2,3,2
691,1,65,0,11,19,2
1020,2,67,0,12,19,2
1364,45,3,1,8,3,2
1236,26,3,1,5,4,2
1569,3,19,0,18,8,2
2185,78,5,1,16,5,2
1124,2,18,0,19,5,2
1697,75,4,1,20,4,2
82,52,0,1,13,4,2
500,0,1,1,7,1,2
995,22,2,1,0,5,2
275,0,66,0,18,16,2
2330,5,19,0,21,15,2
806,76,2,1,20,1,2
2255,5,19,0,14,16,2
1304,26,3,1,1,3,2
1744,21,4,1,21,0,2
1278,26,3,1,24,0,2
103,75,0,1,15,3,2
459,64,1,1,21,5,2
1538,3,19,0,17,13,2
398,0,66,0,14,5,2
1963,4,19,0,15,17,2
2214,5,53,0,19,13,2
264,0,66,0,13,4,2
73,75,0,1,19,1,2
754,1,82,0,18,14,2
2276,5,15,0,19,9,2
2253,5,15,0,16,16,2
749,1,15,0,17,14,2
2013,26,5,1,11,3,2
42,52,0,1,11,1,2
318,0,50,0,16,16,2
1048,2,67,0,18,7,2
30,52,0,1,13,0,2
2133,78,5,1,11,0,2
970,76,2,1,23,4,2
1391,26,3,1,24,4,2
804,6,2,1,14,0,2
1469,3,79,0,19,2,2
951,22,2,1,17,1,2
656,1,15,0,17,17,2
1001,2,67,0,19,10,2
1699,21,4,1,3,3,2
837,6,2,1,19,2,2
79,31,0,1,11,0,2
167,31,0,1,15,1,2
2387,5,53,0,15,14,2
1365,45,3,1,11,0,2
1864,4,17,0,11,15,2
218,0,50,0,16,8,2
2115,78,5,1,6,1,2
763,1,15,0,14,15,2
2390,5,19,0,20,2,2
2156,89,5,1,4,5,2
660,1,65,0,13,10,2
1962,4,19,0,16,11,2
1092,2,18,0,15,11,2
819,76,2,1,24,1,2
414,64,1,1,20,4,2
1081,2,67,0,15,1,2
203,0,66,0,12,8,2
1223,26,3,1,1,2,2
1734,96,4,1,21,0,2
541,0,1,1,15,0,2
1525,3,55,0,16,3,2
516,64,1,1,23,5,2
1483,3,79,0,21,1,2
1488,3,19,0,17,13,2
677,1,65,0,17,16,2
1066,2,79,0,21,16,2
93,52,0,1,19,0,2
1254,1,3,1,22,3,2
1895,4,19,0,16,12,2
513,24,1,1,6,4,2
514,24,1,1,18,3,2
759,1,65,0,18,1,2
322,0,50,0,16,15,2
1078,2,18,0,15,17,2
1870,4,19,0,11,16,2
969,6,2,1,1,0,2
1690,21,4,1,20,1,2
572,0,1,1,5,0,2
115,52,0,1,19,4,2
551,64,1,1,22,0,2
1700,75,4,1,3,1,2
1334,26,3,1,2,4,2
1099,2,67,0,15,10,2
2371,5,53,0,18,14,2
818,6,2,1,20,1,2
409,0,1,1,11,0,2
119,75,0,1,8,1,2
1425,3,79,0,17,3,2
1401,3,79,0,19,17,2
221,0,66,0,21,16,2
1878,4,17,0,21,16,2
731,1,15,0,11,10,2
1172,2,79,0,13,8,2
991,22,2,1,18,4,2
328,0,82,0,13,10,2
1955,4,17,0,12,4,2
488,0,1,1,12,3,2
2141,78,5,1,2,1,2
2366,5,15,0,13,13,2
1533,3,55,0,15,12,2
1082,2,79,0,17,14,2
2170,26,5,1,24,0,2
244,0,66,0,18,3,2
817,22,2,1,3,0,2
1323,26,3,1,18,4,2
96,75,0,1,14,3,2
1494,3,55,0,21,4,2
435,0,1,1,11,2,2
939,6,2,1,14,5,2
1354,45,3,1,0,3,2
1127,2,67,0,12,14,2
392,0,50,0,18,6,2
1137,2,79,0,20,10,2
1758,21,4,1,18,4,2
87,52,0,1,12,4,2
1849,4,19,0,13,18,2
143,75,0,1,2,5,2
452,24,1,1,19,1,2
1430,3,79,0,12,10,2
964,22,2,1,3,1,2
1108,2,79,0,21,16,2
522,24,1,1,17,2,2
814,22,2,1,19,3,2
2112,78,5,1,19,3,2
259,0,66,0,15,5,2
2175,26,5,1,14,5,2
1222,26,3,1,17,3,2
2251,5,15,0,13,8,2
2035,78,5,1,6,3,2
84,52,0,1,4,3,2
24,75,0,1,1,1,2
351,0,82,0,18,19,2
160,75,0,1,19,3,2
2325,5,53,0,14,4,2
965,22,2,1,4,4,2
220,0,82,0,11,1,2
1799,21,4,1,16,1,2
382,0,82,0,14,1,2
1825,4,79,0,14,13,2
626,1,65,0,14,19,2
37,31,0,1,23,3,2
1147,2,67,0,20,11,2
1173,2,18,0,21,13,2
2287,5,19,0,18,7,2
1790,96,4,1,5,0,2
1495,3,19,0,20,14,2
2162,89,5,1,21,4,2
1440,3,79,0,21,2,2
304,0,82,0,18,15,2
1599,3,55,0,16,7,2
1970,4,17,0,19,18,2
791,1,82,0,16,3,2
783,1,15,0,18,8,2
108,31,0,1,3,3,2
2370,5,15,0,18,14,2
605,1,65,0,16,13,2
1437,3,19,0,19,14,2
2183,26,5,1,14,3,2
1668,75,4,1,0,5,2
1909,4,79,0,16,19,2
180,75,0,1,4,0,2
240,0,66,0,18,0,2
1373,26,3,1,10,4,2
1064,2,67,0,13,8,2
2397,5,19,0,12,19,2
1349,45,3,1,3,5,2
2101,26,5,1,11,4,2
1083,2,79,0,12,14,2
1860,4,19,0,19,8,2
1797,96,4,1,24,0,2
679,1,15,0,13,1,2
1954,4,19,0,14,0,2
924,76,2,1,1,5,2
376,0,66,0,13,11,2
466,24,1,1,7,1,2
1571,3,19,0,16,16,2
1026,2,67,0,19,3,2
2076,89,5,1,9,3,2
242,0,50,0,19,6,2
1531,3,55,0,14,1,2
2084,89,5,1,0,0,2
2006,89,5,1,21,2,2
2109,78,5,1,12,3,2
862,22,2,1,20,4,2
686,1,82,0,19,1,2
725,1,82,0,17,10,2
632,1,65,0,12,9,2
1003,2,67,0,15,4,2
400,24,1,1,10,5,2
1422,3,19,0,17,10,2
2081,26,5,1,18,5,2
1144,2,67,0,18,8,2
1986,4,17,0,12,5,2
902,76,2,1,5,3,2
1694,75,4,1,3,1,2
2222,5,15,0,15,8,2
1959,4,17,0,12,14,2
1275,1,3,1,23,4,2
156,52,0,1,17,5,2
2314,5,15,0,18,2,2
1535,3,79,0,15,6,2
2351,5,19,0,13,19,2
2030,26,5,1,9,3,2
1281,45,3,1,11,2,2
2300,5,53,0,15,7,2
1131,2,79,0,20,4,2
2347,5,15,0,12,14,2
46,75,0,1,5,4,2
1382,26,3,1,12,3,2
1237,26,3,1,18,0,2
546,24,1,1,15,0,2
415,64,1,1,7,3,2
1432,3,55,0,15,0,2
1757,75,4,1,23,0,2
2169,78,5,1,21,1,2
2399,5,19,0,12,5,2
1462,3,55,0,14,4,2
1619,96,4,1,19,0,2
149,52,0,1,0,2,2
1624,75,4,1,17,2,2
253,0,82,0,14,13,2
2236,5,19,0,16,18,2
357,0,82,0,21,17,2
1269,45,3,1,17,5,2
1456,3,55,0,19,12,2
2080,78,5,1,9,0,2
742,1,15,0,14,15,2
615,1,15,0,17,5,2
1021,2,67,0,16,3,2
971,76,2,1,2,2,2
1152,2,79,0,12,15,2
1964,4,17,0,11,4,2
1769,21,4,1,20,5,2
448,24,1,1,22,3,2
760,1,15,0,16,6,2
1395,1,3,1,17,1,2
474,64,1,1,12,2,2
1071,2,79,0,15,10,2
1014,2,67,0,21,2,2
1250,45,3,1,21,3,2
1164,2,79,0,13,2,2
1344,45,3,1,14,5,2
496,24,1,1,1,3,2
1408,3,55,0,16,11,2
1499,3,79,0,16,15,2
389,0,82,0,14,0,2
861,6,2,1,2,2,2
283,0,82,0,14,11,2
528,24,1,1,10,1,2
34,52,0,1,11,1,2
1737,96,4,1,5,1,2
1485,3,79,0,12,14,2
274,0,66,0,17,9,2
747,1,65,0,11,8,2
2243,5,53,0,16,7,2
820,6,2,1,20,2,2
289,0,82,0,15,2,2
301,0,66,0,18,4,2
1607,96,4,1,12,5,2
1105,2,79,0,13,15,2
423,0,1,1,9,5,2
464,64,1,1,16,1,2
1443,3,19,0,14,16,2
6,52,0,1,5,0,2
1193,2,79,0,19,0,2
140,31,0,1,18,5,2
556,64,1,1,17,2,2
1783,96,4,1,20,0,2
823,22,2,1,0,3,2
110,31,0,1,19,4,2
1251,26,3,1,0,4,2
1948,4,19,0,20,7,2
2228,5,53,0,17,9,2
715,1,65,0,18,7,2
2140,78,5,1,5,5,2
2226,5,19,0,11,17,2
177,52,0,1,16,1,2
825,22,2,1,7,4,2
657,1,82,0,13,4,2
746,1,65,0,20,2,2
1914,4,17,0,14,16,2
32,31,0,1,3,3,2
1371,26,3,1,18,1,2
1311,1,3,1,4,1,2
974,76,2,1,14,4,2
1389,1,3,1,11,4,2
802,76,2,1,15,2,2
94,31,0,1,1,5,2
1919,4,17,0,17,17,2
1324,26,3,1,17,0,2
830,6,2,1,21,2,2
959,22,2,1,22,1,2
1910,4,79,0,17,3,2
88,75,0,1,18,5,2
1436,3,79,0,15,15,2
1174,2,79,0,12,11,2
238,0,50,0,11,1,2
288,0,66,0,15,1,2
2082,26,5,1,2,3,2
1417,3,79,0,16,7,2
1804,4,79,0,19,3,2
1998,4,19,0,16,5,2
2376,5,19,0,12,0,2
1234,45,3,1,3,0,2
306,0,50,0,20,4,2
578,64,1,1,15,2,2
2213,5,15,0,18,4,2
1444,3,19,0,14,2,2
252,0,66,0,14,9,2
1641,96,4,1,5,4,2
1634,75,4,1,17,1,2
859,22,2,1,14,4,2
1149,2,18,0,20,5,2
431,64,1,1,18,0,2
1930,4,79,0,11,14,2
1404,3,55,0,21,3,2
2367,5,15,0,17,17,2
63,31,0,1,3,1,2
2164,89,5,1,17,3,2
1981,4,19,0,19,17,2
1814,4,19,0,14,1,2
1692,21,4,1,12,2,2
1294,45,3,1,14,3,2
2329,5,15,0,11,19,2
2288,5,19,0,16,0,2
584,0,1,1,15,5,2
1689,21,4,1,0,5,2
685,1,15,0,13,4,2
925,76,2,1,18,0,2
600,1,65,0,18,1,2
1767,96,4,1,8,3,2
2060,78,5,1,23,4,2
659,1,65,0,19,3,2
2265,5,19,0,12,15,2
2337,5,53,0,21,6,2
1622,96,4,1,8,2,2
792,1,65,0,18,6,2
842,22,2,1,11,4,2
290,0,50,0,13,7,2
1564,3,79,0,14,15,2
573,0,1,1,13,1,2
162,75,0,1,21,3,2
279,0,82,0,15,0,2
1426,3,79,0,21,19,2
733,1,65,0,13,4,2
1428,3,55,0,19,16,2
2144,26,5,1,10,5,2
583,64,1,1,0,4,2
1994,4,17,0,15,19,2
1130,2,18,0,15,19,2
1960,4,19,0,15,1,2
1557,3,79,0,12,9,2
1881,4,17,0,19,1,2
438,24,1,1,0,5,2
1181,2,18,0,21,7,2
844,6,2,1,1,3,2
1367,1,3,1,11,3,2
1061,2,79,0,21,7,2
2051,26,5,1,11,3,2
866,6,2,1,15,5,2
1945,4,79,0,19,15,2
2117,89,5,1,9,5,2
1103,2,67,0,11,19,2
356,0,66,0,15,10,2
1995,4,17,0,19,0,2
1606,75,4,1,1,4,2
1711,96,4,1,18,4,2
643,1,65,0,20,15,2
1229,1,3,1,18,1,2
698,1,82,0,15,6,2
320,0,82,0,16,17,2
2108,26,5,1,7,2,2
2180,78,5,1,15,5,2
1420,3,55,0,12,11,2
257,0,66,0,18,13,2
582,24,1,1,7,0,2
426,24,1,1,0,5,2
1175,2,67,0,13,9,2
1197,2,79,0,19,15,2
231,0,82,0,13,2,2
1678,21,4,1,23,3,2
646,1,15,0,20,12,2
536,64,1,1,4,2,2
1418,3,55,0,21,9,2
1650,96,4,1,18,3,2
2373,5,15,0,17,13,2
1453,3,19,0,14,17,2
462,0,1,1,12,0,2
1442,3,79,0,11,4,2
1509,3,79,0,11,7,2
2338,5,19,0,20,14,2
2193,89,5,1,18,4,2
662,1,15,0,15,1,2
15,75,0,1,20,3,2
2360,5,53,0,17,13,2
1085,2,79,0,20,7,2
1138,2,79,0,13,1,2
302,0,66,0,15,2,2
1045,2,67,0,11,9,2
2063,26,5,1,21,5,2
1125,2,18,0,14,15,2
1287,1,3,1,0,1,2
1851,4,19,0,18,18,2
1600,96,4,1,10,4,2
1551,3,19,0,20,15,2
1656,75,4,1,0,2,2
704,1,65,0,12,2,2
1328,26,3,1,22,0,2
1978,4,17,0,14,3,2
1615,75,4,1,21,3,2
666,1,65,0,21,4,2
708,1,15,0,17,2,2
408,64,1,1,9,3,2
1727,75,4,1,11,0,2
1228,1,3,1,16,5,2
1667,21,4,1,11,5,2
863,6,2,1,5,3,2
614,1,65,0,18,8,2
2023,89,5,1,11,4,2
1263,26,3,1,5,3,2
2024,89,5,1,7,3,2
2380,5,53,0,12,11,2
874,76,2,1,18,3,2
2122,78,5,1,3,2,2
972,76,2,1,14,2,2
45,31,0,1,16,4,2
616,1,65,0,18,6,2
186,31,0,1,21,0,2
1305,45,3,1,24,0,2
11,31,0,1,5,3,2
1834,4,19,0,19,6,2
1345,45,3,1,22,3,2
2273,5,19,0,19,9,2
330,0,66,0,16,15,2
1252,26,3,1,10,5,2
1126,2,18,0,16,9,2
1867,4,17,0,18,1,2
1593,3,79,0,19,12,2
1840,4,79,0,12,5,2
2187,26,5,1,15,5,2
1253,45,3,1,2,4,2
658,1,15,0,16,3,2
2247,5,19,0,14,0,2
2201,5,19,0,18,9,2
2240,5,15,0,19,19,2
766,1,65,0,14,16,2
1603,21,4,1,20,0,2
833,6,2,1,1,5,2
308,0,50,0,16,11,2
845,6,2,1,14,1,2
399,0,66,0,12,7,2
1233,45,3,1,8,5,2
1217,45,3,1,3,4,2
2286,5,15,0,12,19,2
1319,45,3,1,23,2,2
206,0,66,0,16,8,2
138,31,0,1,6,3,2
831,6,2,1,23,4,2
1721,96,4,1,8,3,2
1028,2,18,0,20,10,2
1491,3,19,0,14,9,2
1421,3,79,0,21,1,2
1550,3,55,0,11,12,2
2103,78,5,1,24,0,2
851,6,2,1,0,3,2
1916,4,79,0,19,11,2
1522,3,55,0,16,17,2
1762,96,4,1,17,4,2
1452,3,79,0,18,5,2
767,1,65,0,13,14,2
380,0,66,0,15,2,2
1216,26,3,1,14,4,2
2142,26,5,1,4,3,2
755,1,65,0,21,4,2
1529,3,19,0,19,1,2
1060,2,79,0,21,0,2
1952,4,17,0,12,11,2
1433,3,19,0,11,0,2
139,31,0,1,4,4,2
1705,75,4,1,18,3,2
2343,5,53,0,14,19,2
1701,75,4,1,22,0,2
317,0,50,0,19,9,2
756,1,15,0,21,13,2
714,1,65,0,15,10,2
771,1,15,0,20,16,2
524,0,1,1,17,4,2
1086,2,79,0,13,10,2
68,75,0,1,23,4,2
2120,78,5,1,17,5,2
118,75,0,1,18,3,2
2191,89,5,1,17,4,2
1848,4,79,0,12,15,2
723,1,82,0,20,10,2
1933,4,17,0,16,8,2
1357,45,3,1,24,4,2
1114,2,18,0,11,4,2
1057,2,79,0,11,19,2
667,1,65,0,12,14,2
471,24,1,1,13,4,2
1702,96,4,1,5,1,2
31,31,0,1,2,3,2
2098,26,5,1,20,4,2
341,0,82,0,21,7,2
1755,75,4,1,24,1,2
1212,1,3,1,2,3,2
1587,3,19,0,19,13,2
2189,26,5,1,10,1,2
1793,21,4,1,16,0,2
1050,2,18,0,19,1,2
1614,96,4,1,9,3,2
1742,96,4,1,11,5,2
1095,2,18,0,21,17,2
504,24,1,1,16,5,2
1321,26,3,1,7,5,2
890,76,2,1,8,4,2
120,52,0,1,13,5,2
440,0,1,1,22,2,2
2283,5,53,0,13,0,2
1273,45,3,1,19,2,2
23,52,0,1,22,0,2
1786,96,4,1,9,2,2
2134,78,5,1,19,2,2
2206,5,53,0,17,8,2
136,52,0,1,22,1,2
2315,5,15,0,12,4,2
39,52,0,1,21,0,2
1122,2,67,0,17,17,2
1213,1,3,1,2,2,2
148,52,0,1,17,5,2
489,0,1,1,20,0,2
1572,3,19,0,18,13,2
1315,1,3,1,3,4,2
2178,89,5,1,12,5,2
89,52,0,1,13,2,2
383,0,50,0,11,12,2
998,76,2,1,10,1,2
183,31,0,1,8,3,2
1352,26,3,1,2,5,2
957,76,2,1,6,4,2
1140,2,67,0,20,11,2
1490,3,79,0,11,4,2
1335,1,3,1,7,5,2
1385,26,3,1,13,5,2
478,0,1,1,11,2,2
215,0,82,0,17,0,2
836,6,2,1,2,2,2
2199,26,5,1,4,1,2
1623,21,4,1,8,3,2
1123,2,67,0,18,12,2
2014,89,5,1,0,5,2
2126,89,5,1,8,1,2
336,0,50,0,20,10,2
1482,3,55,0,20,11,2
1810,4,79,0,14,14,2
946,76,2,1,23,4,2
1715,96,4,1,24,5,2
1474,3,55,0,15,16,2
599,64,1,1,5,0,2
60,52,0,1,12,5,2
1751,21,4,1,21,0,2
1633,21,4,1,19,0,2
947,76,2,1,12,2,2
1498,3,19,0,16,10,2
1070,2,67,0,13,9,2
903,6,2,1,6,5,2
407,0,1,1,23,2,2
1041,2,18,0,11,1,2
2205,5,15,0,11,5,2
1808,4,79,0,17,16,2
1820,4,17,0,21,9,2
525,0,1,1,11,1,2
86,31,0,1,8,2,2
1968,4,17,0,14,4,2
1894,4,17,0,13,15,2
586,24,1,1,20,2,2
739,1,15,0,11,7,2
2149,26,5,1,21,4,2
1671,96,4,1,14,0,2
1780,96,4,1,18,4,2
1219,45,3,1,24,4,2
1375,1,3,1,15,4,2
1555,3,19,0,19,6,2
421,24,1,1,12,0,2
2047,78,5,1,2,4,2
877,6,2,1,17,5,2
1822,4,17,0,20,5,2
405,64,1,1,17,4,2
1782,96,4,1,1,0,2
1844,4,79,0,13,14,2
2292,5,15,0,12,0,2
1169,2,18,0,14,0,2
2278,5,53,0,11,1,2
1989,4,17,0,18,12,2
2182,78,5,1,7,2,2
124,52,0,1,15,0,2
2033,78,5,1,3,4,2
2346,5,15,0,18,7,2
4,52,0,1,14,3,2
249,0,82,0,18,5,2
1157,2,79,0,11,7,2
5,31,0,1,5,5,2
1710,96,4,1,12,0,2
1009,2,67,0,20,7,2
898,6,2,1,22,1,2
761,1,82,0,19,14,2
2044,78,5,1,17,5,2
1913,4,19,0,21,3,2
828,6,2,1,11,1,2
1276,45,3,1,1,2,2
2043,26,5,1,2,4,2
1183,2,79,0,15,2,2
2383,5,19,0,14,1,2
1255,26,3,1,8,1,2
914,76,2,1,2,0,2
1956,4,19,0,19,19,2
1039,2,67,0,18,1,2
51,75,0,1,18,1,2
1338,1,3,1,2,4,2
1902,4,17,0,20,9,2
195,75,0,1,8,2,2
908,6,2,1,3,1,2
2137,26,5,1,22,2,2
1101,2,79,0,13,17,2
880,22,2,1,0,2,2
393,0,82,0,19,4,2
21,75,0,1,23,5,2
1206,1,3,1,12,3,2
2041,78,5,1,18,0,2
212,0,66,0,14,15,2
2393,5,15,0,11,8,2
1449,3,55,0,19,9,2
2190,26,5,1,11,4,2
472,64,1,1,11,1,2
727,1,65,0,17,1,2
967,6,2,1,5,3,2
1015,2,79,0,20,19,2
2078,89,5,1,23,0,2
369,0,82,0,16,11,2
623,1,65,0,20,4,2
737,1,82,0,20,4,2
1921,4,17,0,17,18,2
1774,75,4,1,8,3,2
1541,3,19,0,12,16,2
1516,3,55,0,18,1,2
564,24,1,1,18,3,2
2029,89,5,1,23,0,2
1716,75,4,1,1,2,2
2167,26,5,1,14,1,2
929,76,2,1,22,5,2
532,0,1,1,7,2,2
1376,45,3,1,4,1,2
2354,5,19,0,21,12,2
64,52,0,1,3,1,2
2398,5,15,0,21,7,2
1597,3,19,0,13,1,2
47,75,0,1,10,5,2
1703,21,4,1,23,0,2
606,1,82,0,15,7,2
1640,96,4,1,4,0,2
545,64,1,1,15,1,2
193,31,0,1,16,4,2
1643,75,4,1,13,1,2
1512,3,19,0,12,2,2
2168,78,5,1,5,3,2
2358,5,15,0,20,14,2
1674,96,4,1,3,1,2
1195,2,79,0,15,8,2
1855,4,17,0,14,19,2
1077,2,67,0,20,9,2
26,31,0,1,0,0,2
371,0,82,0,11,19,2
2258,5,19,0,13,16,2
1976,4,79,0,20,3,2
1562,3,79,0,12,11,2
803,76,2,1,1,2,2
821,22,2,1,2,5,2
209,0,66,0,11,4,2
2143,89,5,1,13,0,2
1626,21,4,1,20,5,2
2215,5,53,0,15,5,2
2154,89,5,1,17,3,2
1890,4,19,0,13,19,2
1035,2,79,0,19,14,2
973,6,2,1,0,1,2
1675,96,4,1,14,3,2
492,24,1,1,20,0,2
1756,75,4,1,3,4,2
430,0,1,1,12,4,2
2159,78,5,1,17,5,2
281,0,66,0,17,16,2
36,31,0,1,22,4,2
2229,5,53,0,21,19,2
2241,5,53,0,15,3,2
751,1,82,0,17,10,2
1224,26,3,1,8,2,2
65,31,0,1,2,2,2
424,64,1,1,18,5,2
236,0,50,0,19,17,2
2010,89,5,1,7,4,2
765,1,82,0,19,7,2
1351,1,3,1,24,2,2
121,52,0,1,4,3,2
428,64,1,1,13,0,2
985,76,2,1,20,3,2
1521,3,79,0,15,9,2
891,76,2,1,7,0,2
57,75,0,1,13,5,2
1637,75,4,1,3,2,2
1831,4,79,0,18,1,2
1221,26,3,1,2,2,2
1915,4,79,0,11,19,2
505,64,1,1,1,2,2
2210,5,53,0,12,14,2
1975,4,19,0,11,18,2
2097,89,5,1,19,0,2
651,1,65,0,18,1,2
952,76,2,1,8,5,2
1580,3,55,0,12,16,2
1560,3,19,0,15,0,2
1279,26,3,1,8,2,2
1604,96,4,1,22,0,2
1645,21,4,1,19,0,2
517,24,1,1,2,3,2
944,76,2,1,7,1,2
710,1,65,0,21,4,2
531,24,1,1,2,0,2
650,1,65,0,21,8,2
1268,1,3,1,19,1,2
2285,5,19,0,15,6,2
1049,2,18,0,17,16,2
2125,78,5,1,11,5,2
2280,5,53,0,19,16,2
1288,1,3,1,20,2,2
542,64,1,1,10,5,2
668,1,82,0,14,10,2
2129,89,5,1,23,4,2
993,22,2,1,12,4,2
1088,2,67,0,21,3,2
900,76,2,1,6,3,2
1327,26,3,1,6,3,2
1936,4,79,0,18,9,2
1204,45,3,1,3,2,2
52,52,0,1,12,2,2
1258,1,3,1,10,2,2
904,22,2,1,2,1,2
487,64,1,1,21,0,2
2242,5,15,0,13,18,2
1320,1,3,1,2,4,2
205,0,50,0,13,0,2
1188,2,79,0,19,15,2
1787,96,4,1,11,2,2
850,6,2,1,18,2,2
403,64,1,1,6,4,2
447,0,1,1,18,3,2
1505,3,55,0,11,19,2
1649,96,4,1,23,2,2
323,0,82,0,19,13,2
1846,4,79,0,16,7,2
1946,4,79,0,21,2,2
2071,78,5,1,20,2,2
312,0,66,0,14,0,2
1406,3,79,0,21,5,2
1202,45,3,1,7,4,2
321,0,50,0,18,7,2
1411,3,79,0,14,19,2
2121,26,5,1,0,2,2
1459,3,55,0,16,8,2
1704,96,4,1,5,1,2
410,0,1,1,20,3,2
613,1,82,0,20,16,2
634,1,65,0,17,12,2
2008,78,5,1,15,0,2
1524,3,55,0,20,12,2
1559,3,79,0,20,4,2
1010,2,79,0,17,7,2
2176,26,5,1,19,3,2
1314,45,3,1,4,0,2
1663,21,4,1,9,0,2
1280,1,3,1,9,2,2
1146,2,18,0,16,4,2
1666,21,4,1,14,5,2
1765,96,4,1,18,5,2
343,0,50,0,20,14,2
293,0,50,0,19,9,2
168,75,0,1,23,3,2
1931,4,19,0,21,7,2
175,31,0,1,6,1,2
1949,4,19,0,15,5,2
2095,26,5,1,21,5,2
953,6,2,1,3,1,2
520,24,1,1,6,5,2
109,31,0,1,21,0,2
2281,5,19,0,16,14,2
2003,89,5,1,8,5,2
701,1,82,0,20,19,2
913,6,2,1,22,5,2
1857,4,17,0,12,1,2
38,31,0,1,18,1,2
1018,2,79,0,14,14,2
189,75,0,1,13,3,2
631,1,65,0,11,7,2
2000,78,5,1,16,0,2
476,24,1,1,24,5,2
2363,5,19,0,18,15,2
1055,2,67,0,15,12,2
1257,1,3,1,14,3,2
1809,4,79,0,18,6,2
2161,26,5,1,7,4,2
635,1,15,0,20,0,2
2116,78,5,1,24,3,2
2218,5,19,0,21,14,2
1595,3,79,0,11,13,2
74,31,0,1,10,3,2
1850,4,79,0,18,10,2
2275,5,15,0,20,11,2
832,6,2,1,17,3,2
1053,2,67,0,16,10,2
134,75,0,1,16,5,2
1858,4,79,0,13,18,2
483,64,1,1,19,0,2
2369,5,19,0,13,8,2
1470,3,79,0,19,15,2
1245,45,3,1,2,5,2
1413,3,55,0,18,11,2
1096,2,18,0,14,4,2
943,76,2,1,1,5,2
1302,45,3,1,1,1,2
446,24,1,1,13,0,2
41,75,0,1,23,0,2
1837,4,19,0,21,15,2
233,0,82,0,19,16,2
869,22,2,1,1,1,2
1829,4,19,0,15,18,2
226,0,50,0,11,15,2
2118,78,5,1,5,4,2
1713,75,4,1,0,3,2
942,6,2,1,22,5,2
486,64,1,1,18,5,2
794,1,82,0,20,9,2
931,6,2,1,4,3,2
896,6,2,1,11,4,2
154,52,0,1,19,3,2
752,1,65,0,15,15,2
2131,89,5,1,17,1,2
1266,45,3,1,13,1,2
210,0,66,0,20,9,2
2102,78,5,1,6,5,2
325,0,50,0,15,1,2
801,76,2,1,22,3,2
873,76,2,1,4,0,2
795,1,82,0,13,6,2
1262,45,3,1,17,4,2
2075,78,5,1,10,0,2
396,0,66,0,16,9,2
597,0,1,1,12,2,2
2151,78,5,1,1,5,2
1601,96,4,1,0,4,2
297,0,50,0,11,3,2
377,0,66,0,16,19,2
461,64,1,1,20,1,2
1594,3,19,0,20,17,2
653,1,15,0,19,5,2
815,76,2,1,22,3,2
1155,2,67,0,15,10,2
1784,96,4,1,9,0,2
381,0,66,0,14,9,2
560,0,1,1,13,1,2
718,1,82,0,15,5,2
1192,2,18,0,17,1,2
1547,3,19,0,14,11,2
429,24,1,1,11,1,2
868,6,2,1,5,3,2
2184,78,5,1,9,0,2
676,1,82,0,15,16,2
1322,1,3,1,23,2,2
526,64,1,1,21,5,2
1214,26,3,1,8,3,2
1974,4,19,0,18,17,2
2019,78,5,1,8,5,2
1938,4,17,0,19,19,2
2249,5,15,0,16,13,2
153,52,0,1,5,0,2
1717,96,4,1,10,2,2
1161,2,18,0,18,2,2
442,0,1,1,11,1,2
1940,4,79,0,11,9,2
1579,3,19,0,21,8,2
853,76,2,1,14,2,2
2054,89,5,1,20,4,2
273,0,50,0,19,15,2
173,31,0,1,22,0,2
838,76,2,1,21,2,2
1496,3,55,0,18,19,2
1903,4,19,0,20,17,2
2136,26,5,1,3,5,2
198,52,0,1,1,4,2
2244,5,19,0,19,17,2
1370,1,3,1,10,0,2
2291,5,53,0,21,18,2
994,22,2,1,7,2,2
18,31,0,1,6,5,2
1476,3,19,0,16,6,2
1925,4,19,0,18,5,2
870,6,2,1,4,2,2
610,1,82,0,12,3,2
1109,2,18,0,18,1,2
640,1,15,0,20,10,2
1896,4,19,0,16,13,2
342,0,82,0,19,16,2
2087,78,5,1,9,3,2
71,52,0,1,0,4,2
1725,21,4,1,0,0,2
379,0,66,0,15,0,2
1091,2,18,0,21,5,2
2052,89,5,1,10,0,2
1356,45,3,1,23,5,2
196,52,0,1,9,3,2
1532,3,19,0,16,1,2
239,0,82,0,16,8,2
1113,2,79,0,13,12,2
1714,75,4,1,16,0,2
688,1,82,0,21,2,2
1794,75,4,1,3,4,2
1539,3,19,0,16,15,2
1958,4,79,0,20,11,2
294,0,82,0,20,16,2
1996,4,17,0,16,16,2
130,75,0,1,3,1,2
2,52,0,1,9,3,2
1398,1,3,1,22,2,2
2331,5,15,0,11,15,2
2046,89,5,1,7,5,2
1805,4,17,0,16,16,2
703,1,65,0,17,0,2
729,1,82,0,21,2,2
2177,78,5,1,3,2,2
1030,2,79,0,17,17,2
2230,5,53,0,20,3,2
344,0,82,0,13,11,2
2171,78,5,1,13,2,2
787,1,82,0,18,2,2
1657,96,4,1,8,3,2
876,76,2,1,21,2,2
915,22,2,1,18,1,2
1693,75,4,1,6,2,2
1944,4,79,0,13,11,2
178,31,0,1,20,3,2
1308,26,3,1,1,0,2
432,24,1,1,12,1,2
1546,3,55,0,20,0,2
1441,3,79,0,20,3,2
44,31,0,1,5,2,2
378,0,82,0,18,6,2
558,24,1,1,18,3,2
2016,89,5,1,1,4,2
1598,3,79,0,19,11,2
1032,2,79,0,17,0,2
2282,5,53,0,18,3,2
1466,3,19,0,16,19,2
1659,75,4,1,0,5,2
1361,45,3,1,3,5,2
1874,4,19,0,21,0,2
550,24,1,1,1,5,2
80,52,0,1,16,2,2
1119,2,18,0,13,19,2
854,22,2,1,0,2,2
700,1,15,0,19,12,2
1176,2,79,0,15,17,2
776,1,82,0,13,16,2
1817,4,79,0,16,11,2
1402,3,19,0,15,12,2
200,0,82,0,13,5,2
113,52,0,1,3,1,2
254,0,66,0,17,8,2
387,0,50,0,21,1,2
956,76,2,1,10,0,2
1610,75,4,1,24,0,2
2207,5,53,0,17,14,2
1935,4,17,0,15,5,2
1943,4,19,0,11,14,2
1317,45,3,1,18,1,2
401,0,1,1,18,4,2
2163,26,5,1,4,1,2
2058,78,5,1,1,1,2
1218,45,3,1,21,2,2
1199,2,18,0,21,12,2
1644,75,4,1,7,5,2
748,1,65,0,11,6,2
1908,4,79,0,15,10,2
202,0,66,0,21,12,2
1282,1,3,1,22,5,2
224,0,82,0,12,0,2
2224,5,15,0,18,12,2
211,0,50,0,13,11,2
2074,78,5,1,21,4,2
1399,45,3,1,0,1,2
1117,2,18,0,14,5,2
980,22,2,1,19,4,2
1788,96,4,1,1,4,2
131,75,0,1,20,2,2
1484,3,79,0,13,5,2
1004,2,79,0,20,5,2
1876,4,19,0,15,10,2
2250,5,15,0,13,12,2
918,22,2,1,0,4,2
75,75,0,1,23,2,2
406,24,1,1,8,4,2
1016,2,18,0,11,11,2
1731,21,4,1,1,1,2
1862,4,79,0,15,15,2
2050,89,5,1,20,4,2
2313,5,15,0,20,5,2
808,6,2,1,20,2,2
864,6,2,1,10,5,2
997,76,2,1,2,1,2
2119,78,5,1,17,5,2
683,1,82,0,16,19,2
773,1,65,0,17,19,2
2172,89,5,1,21,2,2
822,6,2,1,2,1,2
2375,5,53,0,13,11,2
644,1,82,0,14,16,2
1348,45,3,1,24,5,2
1074,2,18,0,13,1,2
1477,3,19,0,19,6,2
589,0,1,1,1,2,2
1180,2,79,0,11,8,2
1519,3,79,0,14,1,2
843,6,2,1,11,3,2
709,1,15,0,13,17,2
418,24,1,1,11,0,2
740,1,65,0,20,2,2
2319,5,15,0,14,10,2
758,1,15,0,19,4,2
1163,2,67,0,16,15,2
255,0,50,0,14,14,2
2004,78,5,1,21,5,2
1225,1,3,1,22,3,2
385,0,66,0,18,1,2
2069,78,5,1,20,4,2
2031,78,5,1,6,4,2
779,1,65,0,20,3,2
577,64,1,1,5,5,2
923,76,2,1,22,3,2
1256,45,3,1,10,4,2
724,1,15,0,11,18,2
402,64,1,1,13,2,2
1590,3,79,0,16,5,2
501,0,1,1,21,2,2
1270,45,3,1,24,5,2
594,24,1,1,3,1,2
503,24,1,1,22,2,2
50,31,0,1,21,2,2
2158,26,5,1,16,5,2
146,31,0,1,4,2,2
1467,3,19,0,21,16,2
1238,45,3,1,20,0,2
1062,2,79,0,16,9,2
1899,4,17,0,14,15,2
847,76,2,1,1,3,2
2293,5,19,0,19,13,2
2385,5,53,0,16,5,2
1464,3,19,0,12,15,2
1828,4,19,0,13,0,2
1215,26,3,1,10,2,2
871,6,2,1,17,1,2
1098,2,18,0,20,3,2
164,31,0,1,11,2,2
665,1,82,0,21,15,2
1189,2,79,0,14,16,2
2274,5,15,0,14,2,2
365,0,66,0,16,14,2
2083,26,5,1,1,4,2
671,1,15,0,14,10,2
1489,3,19,0,13,18,2
439,64,1,1,18,4,2
1807,4,19,0,13,14,2
1170,2,67,0,12,13,2
774,1,65,0,12,4,2
1672,75,4,1,24,1,2
2271,5,15,0,17,7,2
897,76,2,1,21,4,2
384,0,82,0,12,11,2
1506,3,55,0,11,9,2
539,0,1,1,18,2,2
142,75,0,1,22,0,2
540,64,1,1,23,2,2
2299,5,15,0,19,7,2
1999,4,19,0,20,2,2
199,31,0,1,0,0,2
2246,5,15,0,20,3,2
692,1,15,0,14,17,2
419,64,1,1,16,5,2
1090,2,18,0,19,16,2
2012,89,5,1,3,2,2
875,22,2,1,6,0,2
738,1,15,0,19,12,2
58,75,0,1,3,5,2
1340,45,3,1,15,2,2
1951,4,79,0,16,6,2
2232,5,53,0,17,19,2
841,76,2,1,7,1,2
163,52,0,1,8,3,2
2094,78,5,1,11,4,2
292,0,50,0,21,1,2
1439,3,55,0,12,14,2
1779,21,4,1,12,5,2
2327,5,19,0,13,5,2
1097,2,18,0,18,12,2
2324,5,19,0,12,7,2
1677,21,4,1,8,3,2
1005,2,79,0,19,11,2
1209,45,3,1,9,4,2
2318,5,53,0,13,0,2
135,75,0,1,16,3,2
1885,4,19,0,15,19,2
1754,75,4,1,11,5,2
1333,45,3,1,20,5,2
1040,2,18,0,17,16,2
2270,5,19,0,17,17,2
1017,2,18,0,20,0,2
1888,4,79,0,16,6,2
2342,5,15,0,16,15,2
2203,5,15,0,21,19,2
495,0,1,1,15,2,2
1662,21,4,1,17,4,2
329,0,50,0,19,11,2
2107,78,5,1,2,2,2
201,0,66,0,14,13,2
172,31,0,1,15,0,2
920,76,2,1,17,5,2
1792,96,4,1,1,5,2
1929,4,79,0,21,19,2
2091,78,5,1,5,3,2
1577,3,55,0,14,4,2
445,64,1,1,15,2,2
339,0,66,0,21,11,2
834,22,2,1,5,0,2
338,0,82,0,20,3,2
2305,5,53,0,19,3,2
1481,3,79,0,19,4,2
1730,96,4,1,14,3,2
852,22,2,1,5,2,2
619,1,15,0,18,13,2
1969,4,19,0,21,1,2
67,52,0,1,9,1,2
2238,5,15,0,16,18,2
553,24,1,1,7,4,2
147,31,0,1,13,3,2
116,52,0,1,23,1,2
518,24,1,1,19,0,2
1843,4,19,0,13,4,2
291,0,82,0,18,17,2
800,6,2,1,22,3,2
992,76,2,1,9,2,2
59,31,0,1,15,5,2
2072,78,5,1,22,3,2
1819,4,17,0,16,14,2
1412,3,19,0,21,12,2
1642,21,4,1,7,3,2
1200,1,3,1,20,5,2
712,1,82,0,13,16,2
775,1,65,0,18,4,2
404,24,1,1,18,4,2
1718,75,4,1,16,2,2
1724,75,4,1,24,3,2
719,1,65,0,19,14,2
1684,96,4,1,4,5,2
1922,4,19,0,17,13,2
1087,2,79,0,14,13,2
1203,45,3,1,3,2,2
654,1,15,0,20,9,2
101,31,0,1,5,2,2
1022,2,79,0,16,12,2
2027,78,5,1,9,1,2
927,76,2,1,2,3,2
1608,96,4,1,3,1,2
191,31,0,1,5,2,2
799,1,65,0,18,1,2
1526,3,55,0,20,1,2
1549,3,79,0,11,1,2
2138,89,5,1,15,2,2
839,76,2,1,5,1,2
1372,45,3,1,8,5,2
936,76,2,1,11,0,2
1220,26,3,1,18,1,2
1760,21,4,1,24,0,2
919,22,2,1,4,2,2
2311,5,53,0,13,13,2
303,0,82,0,16,7,2
490,64,1,1,14,3,2
529,24,1,1,22,4,2
296,0,50,0,17,13,2
1553,3,55,0,18,16,2
1380,1,3,1,0,3,2
1013,2,18,0,14,6,2
10,31,0,1,5,3,2
2146,26,5,1,5,0,2
2267,5,53,0,15,9,2
1661,21,4,1,1,4,2
1781,21,4,1,22,4,2
1628,96,4,1,10,1,2
678,1,15,0,13,9,2
976,22,2,1,3,0,2
1205,1,3,1,14,4,2
835,6,2,1,19,4,2
1239,45,3,1,5,3,2
1625,21,4,1,23,2,2
1518,3,79,0,20,8,2
1135,2,79,0,11,18,2
1379,26,3,1,24,0,2
1409,3,79,0,12,18,2
213,0,66,0,11,6,2
1685,75,4,1,16,3,2
1196,2,18,0,15,1,2
2114,78,5,1,18,4,2
314,0,82,0,21,0,2
374,0,82,0,13,14,2
1589,3,79,0,13,11,2
360,0,82,0,17,10,2
1611,21,4,1,24,0,2
1691,96,4,1,1,0,2
1673,21,4,1,0,1,2
463,64,1,1,22,2,2
1510,3,79,0,17,19,2
262,0,82,0,12,0,2
1548,3,55,0,15,9,2
1865,4,19,0,17,15,2
2355,5,19,0,12,13,2
636,1,82,0,12,13,2
1875,4,79,0,18,5,2
567,0,1,1,22,2,2
2345,5,19,0,13,2,2
2127,78,5,1,18,4,2
61,31,0,1,3,5,2
1145,2,18,0,11,15,2
527,24,1,1,19,3,2
455,24,1,1,11,2,2
1966,4,17,0,20,4,2
187,31,0,1,19,1,2
284,0,82,0,15,1,2
427,64,1,1,2,5,2
286,0,66,0,21,14,2
1920,4,19,0,13,1,2
2173,78,5,1,7,2,2
1648,75,4,1,23,1,2
1067,2,67,0,15,12,2
361,0,82,0,16,11,2
475,0,1,1,10,3,2
865,76,2,1,11,2,2
928,76,2,1,23,5,2
1612,21,4,1,10,4,2
2233,5,15,0,16,17,2
1243,1,3,1,14,5,2
1513,3,19,0,13,18,2
157,31,0,1,17,2,2
7,31,0,1,15,5,2
2113,26,5,1,16,4,2
1447,3,19,0,20,6,2
1791,75,4,1,13,5,2
1638,96,4,1,20,5,2
1054,2,79,0,11,7,2
563,0,1,1,21,1,2
1390,45,3,1,8,2,2
1154,2,67,0,18,0,2
1185,2,79,0,13,2,2
350,0,50,0,12,17,2
1424,3,19,0,21,8,2
493,24,1,1,5,2,2
827,76,2,1,3,3,2
287,0,50,0,12,18,2
1056,2,67,0,18,10,2
2100,26,5,1,1,5,2
1072,2,18,0,19,14,2
1242,26,3,1,10,0,2
1852,4,79,0,16,0,2
1374,1,3,1,9,4,2
694,1,82,0,17,0,2
736,1,65,0,16,12,2
1683,21,4,1,23,5,2
1967,4,17,0,20,1,2
1669,96,4,1,16,3,2
867,22,2,1,13,3,2
996,6,2,1,2,0,2
152,52,0,1,2,1,2
1358,45,3,1,7,2,2
2209,5,15,0,19,10,2
90,31,0,1,18,5,2
2186,26,5,1,16,2,2
204,0,50,0,12,1,2
1530,3,55,0,18,11,2
1299,1,3,1,19,1,2
601,1,65,0,18,17,2
2208,5,15,0,19,5,2
1917,4,79,0,11,13,2
1906,4,79,0,14,15,2
575,0,1,1,19,3,2
465,64,1,1,11,0,2
593,24,1,1,21,4,2
2266,5,19,0,12,7,2
1884,4,19,0,16,7,2
1900,4,17,0,17,12,2
348,0,82,0,17,18,2
2394,5,19,0,20,4,2
1084,2,67,0,16,17,2
2065,89,5,1,9,0,2
932,6,2,1,19,2,2
2298,5,15,0,18,2,2
1763,21,4,1,3,4,2
1617,21,4,1,23,1,2
413,0,1,1,13,4,2
1537,3,79,0,13,15,2
1150,2,67,0,13,3,2
2296,5,53,0,19,8,2
1544,3,19,0,16,1,2
2320,5,15,0,19,18,2
2166,89,5,1,5,4,2
1818,4,79,0,13,7,2
1639,75,4,1,8,3,2
1023,2,67,0,20,1,2
2248,5,19,0,12,7,2
1581,3,79,0,17,9,2
2002,89,5,1,17,4,2
77,52,0,1,6,5,2
1068,2,79,0,17,10,2
587,24,1,1,21,5,2
901,22,2,1,6,2,2
1647,96,4,1,3,2,2
1947,4,79,0,20,8,2
307,0,82,0,15,11,2
2073,89,5,1,6,1,2
354,0,82,0,11,16,2
977,6,2,1,18,3,2
27,75,0,1,6,4,2
125,52,0,1,20,5,2
2056,78,5,1,3,4,2
1841,4,19,0,18,16,2
1274,1,3,1,24,4,2
790,1,65,0,18,16,2
165,31,0,1,2,2,2
104,75,0,1,20,2,2
1475,3,55,0,13,3,2
232,0,50,0,19,17,2
2263,5,15,0,17,6,2
479,24,1,1,6,1,2
2219,5,15,0,15,10,2
596,24,1,1,7,0,2
449,0,1,1,10,1,2
1515,3,55,0,11,16,2
1011,2,79,0,21,10,2
750,1,82,0,12,16,2
1303,1,3,1,19,2,2
1313,45,3,1,24,1,2
1636,21,4,1,0,5,2
547,0,1,1,1,1,2
1166,2,18,0,18,3,2
627,1,82,0,17,18,2
1984,4,19,0,12,3,2
1073,2,67,0,17,14,2
1879,4,17,0,12,3,2
300,0,82,0,14,15,2
641,1,15,0,16,5,2
786,1,82,0,19,15,2
2356,5,19,0,13,16,2
561,64,1,1,9,0,2
1393,1,3,1,7,1,2
241,0,50,0,12,0,2
1768,75,4,1,2,1,2
2066,89,5,1,4,3,2
1893,4,17,0,15,8,2
2020,89,5,1,22,3,2
422,0,1,1,17,4,2
1869,4,79,0,11,7,2
909,22,2,1,18,4,2
214,0,50,0,13,14,2
857,76,2,1,9,0,2
961,6,2,1,6,3,2
2042,78,5,1,1,1,2
2085,78,5,1,21,2,2
1585,3,19,0,14,4,2
975,22,2,1,10,4,2
2308,5,19,0,18,17,2
1802,4,19,0,19,2,2
66,52,0,1,14,2,2
568,0,1,1,16,3,2
2225,5,19,0,14,11,2
1226,1,3,1,0,2,2
1230,1,3,1,8,5,2
772,1,82,0,12,7,2
2259,5,15,0,14,15,2
2322,5,15,0,12,2,2
911,76,2,1,7,1,2
1240,1,3,1,6,3,2
1438,3,79,0,16,19,2
1435,3,55,0,12,16,2
933,6,2,1,24,5,2
1880,4,19,0,20,19,2
1654,96,4,1,1,1,2
441,0,1,1,9,2,2
1891,4,79,0,11,8,2
2295,5,19,0,16,17,2
1093,2,79,0,12,13,2
1911,4,79,0,21,1,2
397,0,82,0,18,1,2
20,75,0,1,24,4,2
1873,4,17,0,15,8,2
176,31,0,1,9,0,2
150,75,0,1,6,5,2
1520,3,55,0,12,2,2
1620,21,4,1,17,2,2
1000,2,18,0,15,14,2
1210,26,3,1,18,2,2
695,1,15,0,16,8,2
1058,2,79,0,14,12,2
1355,1,3,1,10,5,2
1431,3,79,0,18,14,2
223,0,50,0,17,16,2
1047,2,67,0,15,10,2
1627,75,4,1,6,4,2
1707,75,4,1,2,2,2
1407,3,79,0,17,7,2
1298,1,3,1,11,2,2
722,1,82,0,20,9,2
469,0,1,1,20,0,2
883,6,2,1,14,4,2
3,75,0,1,8,4,2
171,75,0,1,18,3,2
192,52,0,1,2,4,2
562,24,1,1,11,0,2
612,1,65,0,21,8,2
499,0,1,1,12,2,2
1080,2,18,0,13,12,2
1749,75,4,1,21,4,2
1578,3,79,0,17,4,2
2217,5,53,0,21,3,2
2277,5,53,0,15,4,2
2009,78,5,1,24,4,2
1247,26,3,1,4,5,2
1368,26,3,1,11,2,2
885,22,2,1,1,2,2
1830,4,17,0,14,6,2
2312,5,19,0,16,7,2
930,6,2,1,12,2,2
571,0,1,1,1,5,2
477,0,1,1,20,3,2
43,75,0,1,21,1,2
2001,26,5,1,2,3,2
934,22,2,1,15,5,2
1487,3,55,0,17,19,2
1265,45,3,1,14,3,2
1971,4,79,0,16,13,2
696,1,15,0,15,1,2
2396,5,19,0,11,10,2
185,31,0,1,24,5,2
1052,2,18,0,13,12,2
1776,21,4,1,14,4,2
1502,3,55,0,20,16,2
1318,1,3,1,7,0,2
2202,5,53,0,11,6,2
1747,75,4,1,16,5,2
1552,3,55,0,14,8,2
2070,89,5,1,18,2,2
1942,4,19,0,15,5,2
1576,3,55,0,14,4,2
458,64,1,1,11,0,2
1363,1,3,1,2,5,2
813,6,2,1,22,5,2
1543,3,55,0,15,17,2
954,6,2,1,6,3,2
2216,5,53,0,16,10,2
1883,4,17,0,18,13,2
1789,21,4,1,23,3,2
1472,3,19,0,14,7,2
1687,75,4,1,21,5,2
966,76,2,1,7,2,2
2197,89,5,1,20,5,2
2211,5,15,0,18,9,2
566,24,1,1,14,1,2
1027,2,18,0,18,14,2
2301,5,15,0,18,4,2
2015,26,5,1,21,0,2
72,75,0,1,1,0,2
1451,3,55,0,11,17,2
1227,45,3,1,17,5,2
1500,3,79,0,11,4,2
2124,78,5,1,8,2,2
70,75,0,1,11,2,2
1400,3,19,0,20,17,2
1719,75,4,1,11,5,2
2379,5,15,0,13,3,2
1695,75,4,1,4,3,2
137,75,0,1,14,0,2
1507,3,19,0,16,10,2
2148,78,5,1,0,1,2
1795,96,4,1,14,5,2
2269,5,15,0,11,9,2
1527,3,19,0,17,8,2
245,0,50,0,12,16,2
2326,5,15,0,15,8,2
159,31,0,1,2,5,2
905,6,2,1,19,0,2
2272,5,53,0,14,12,2
2289,5,19,0,19,10,2
2254,5,15,0,15,15,2
2304,5,15,0,11,0,2
585,0,1,1,20,5,2
1277,26,3,1,17,4,2
1493,3,19,0,19,0,2
190,31,0,1,13,1,2
633,1,15,0,13,16,2
1025,2,18,0,13,1,2
2357,5,53,0,19,6,2
784,1,15,0,16,5,2
2011,26,5,1,9,1,2
1310,26,3,1,17,5,2
1075,2,18,0,11,13,2
282,0,66,0,19,8,2
1574,3,19,0,11,7,2
256,0,50,0,11,11,2
713,1,15,0,16,10,2
1156,2,18,0,20,1,2
1165,2,18,0,12,13,2
1007,2,67,0,19,13,2
1478,3,55,0,11,8,2
1748,75,4,1,9,3,2
2077,89,5,1,3,3,2
1414,3,19,0,21,0,2
388,0,50,0,20,2,2
1897,4,19,0,12,9,2
1953,4,17,0,11,7,2
675,1,15,0,14,11,2
2053,89,5,1,4,0,2
955,22,2,1,9,1,2
2068,89,5,1,0,2,2
2294,5,19,0,11,11,2
1129,2,67,0,21,14,2
1839,4,19,0,21,16,2
2389,5,19,0,11,0,2
100,31,0,1,15,1,2
1898,4,17,0,16,0,2
1932,4,17,0,21,6,2
2321,5,19,0,13,19,2
2257,5,53,0,19,18,2
617,1,65,0,18,1,2
1761,75,4,1,22,2,2
2262,5,19,0,18,5,2
2384,5,19,0,13,8,2
1534,3,55,0,16,7,2
1806,4,17,0,18,1,2
1712,75,4,1,8,3,2
910,6,2,1,2,0,2
2310,5,15,0,14,11,2
693,1,15,0,15,15,2
2128,26,5,1,19,0,2
456,0,1,1,4,4,2
1012,2,79,0,11,11,2
1186,2,67,0,19,13,2
480,64,1,1,15,2,2
166,31,0,1,9,1,2
2223,5,53,0,17,19,2
2386,5,53,0,21,11,2
2392,5,19,0,12,2,2
102,75,0,1,17,5,2
625,1,82,0,11,3,2
889,76,2,1,17,4,2
893,6,2,1,4,2,2
395,0,82,0,21,16,2
1184,2,79,0,14,1,2
1191,2,79,0,16,0,2
484,24,1,1,13,4,2
335,0,50,0,21,10,2
2382,5,15,0,12,18,2
926,6,2,1,23,0,2
412,64,1,1,11,1,2
1746,21,4,1,4,5,2
1446,3,79,0,18,0,2
1582,3,19,0,21,14,2
1312,1,3,1,21,0,2
1121,2,67,0,13,11,2
637,1,15,0,11,18,2
684,1,82,0,15,8,2
9,52,0,1,3,0,2
512,64,1,1,17,0,2
1777,21,4,1,8,2,2
85,75,0,1,4,3,2
331,0,82,0,16,3,2
716,1,15,0,17,12,2
1330,45,3,1,11,0,2
467,0,1,1,14,0,2
276,0,50,0,16,7,2
1187,2,79,0,12,2,2
2365,5,19,0,17,4,2
2096,78,5,1,13,2,2
1346,1,3,1,21,0,2
437,24,1,1,12,0,2
595,24,1,1,9,0,2
349,0,50,0,16,11,2
669,1,82,0,12,19,2
353,0,66,0,17,18,2
1353,26,3,1,18,0,2
888,76,2,1,1,0,2
1565,3,19,0,20,6,2
1396,45,3,1,11,5,2
999,22,2,1,4,1,2
425,64,1,1,16,3,2
2007,78,5,1,1,0,2
1069,2,18,0,16,10,2
1296,1,3,1,17,4,2
1631,21,4,1,6,0,2
2334,5,15,0,21,3,2
781,1,65,0,13,17,2
1341,45,3,1,7,3,2
1575,3,79,0,15,1,2
457,0,1,1,23,2,2
1739,96,4,1,3,1,2
1501,3,79,0,16,19,2
1332,26,3,1,15,2,2
1854,4,17,0,12,16,2
647,1,65,0,13,6,2
181,75,0,1,9,4,2
386,0,82,0,18,9,2
2333,5,19,0,14,10,2
1089,2,67,0,12,8,2
1241,45,3,1,0,2,2
648,1,65,0,12,19,2
174,75,0,1,13,1,2
372,0,50,0,14,19,2
2261,5,53,0,17,15,2
2339,5,53,0,12,4,2
639,1,15,0,16,19,2
537,0,1,1,9,3,2
1448,3,79,0,19,10,2
1450,3,19,0,15,4,2
878,6,2,1,21,2,2
1536,3,79,0,20,15,2
1605,75,4,1,21,5,2
1455,3,19,0,19,8,2
453,64,1,1,5,3,2
519,24,1,1,17,1,2
1504,3,55,0,15,5,2
664,1,65,0,13,3,2
581,24,1,1,11,1,2
2028,89,5,1,22,3,2
1419,3,79,0,15,8,2
1811,4,79,0,17,6,2
950,76,2,1,9,2,2
1235,1,3,1,15,4,2
962,76,2,1,13,0,2
604,1,65,0,12,16,2
99,31,0,1,15,0,2
1990,4,17,0,20,7,2
2079,78,5,1,8,5,2
602,1,15,0,21,18,2
1655,96,4,1,23,5,2
1106,2,67,0,16,16,2
359,0,82,0,15,3,2
872,6,2,1,2,1,2
13,75,0,1,19,4,2
949,22,2,1,12,4,2
28,75,0,1,24,0,2
1773,21,4,1,16,5,2
1927,4,79,0,17,7,2
473,24,1,1,1,5,2
1686,21,4,1,18,5,2
169,75,0,1,24,0,2
559,0,1,1,10,0,2
161,75,0,1,12,0,2
1728,75,4,1,1,4,2
630,1,65,0,15,19,2
2306,5,19,0,20,10,2
687,1,15,0,18,13,2
228,0,82,0,20,14,2
494,24,1,1,9,0,2
1937,4,79,0,13,8,2
1753,75,4,1,1,1,2
340,0,66,0,12,7,2
1957,4,19,0,13,0,2
1866,4,17,0,21,9,2
778,1,15,0,21,18,2
2204,5,19,0,17,3,2
1926,4,17,0,19,4,2
726,1,15,0,12,17,2
1207,1,3,1,2,0,2
618,1,82,0,18,19,2
702,1,15,0,15,14,2
788,1,82,0,18,2,2
1038,2,79,0,14,18,2
1591,3,55,0,11,15,2
1136,2,79,0,21,15,2
2328,5,19,0,12,5,2
1842,4,19,0,21,4,2
433,0,1,1,8,5,2
1985,4,79,0,17,3,2
1383,1,3,1,20,0,2
1991,4,17,0,12,17,2
1201,26,3,1,17,1,2
753,1,65,0,15,10,2
785,1,15,0,15,16,2
689,1,15,0,14,13,2
2279,5,19,0,20,9,2
782,1,65,0,13,19,2
1556,3,55,0,18,0,2
2297,5,15,0,16,17,2
682,1,82,0,15,5,2
1871,4,19,0,13,14,2
699,1,15,0,14,12,2
2374,5,19,0,16,7,2
1471,3,79,0,18,4,2
1290,1,3,1,0,3,2
906,22,2,1,17,1,2
849,76,2,1,22,0,2
1722,96,4,1,2,1,2
1616,96,4,1,23,5,2
2048,26,5,1,20,3,2
298,0,82,0,13,7,2
2256,5,19,0,16,9,2
1037,2,67,0,17,0,2
1886,4,19,0,15,13,2
1696,96,4,1,19,5,2
1325,45,3,1,1,2,2
1463,3,55,0,14,0,2
170,31,0,1,6,4,2
507,64,1,1,6,0,2
1979,4,79,0,12,17,2
62,52,0,1,15,5,2
2026,78,5,1,8,5,2
1198,2,79,0,12,11,2
2067,89,5,1,1,4,2
2165,26,5,1,19,1,2
2088,26,5,1,0,4,2
2344,5,53,0,21,13,2
811,22,2,1,0,1,2
860,22,2,1,17,5,2
2123,26,5,1,17,5,2
1316,1,3,1,0,4,2
1159,2,18,0,16,6,2
793,1,65,0,15,10,2
243,0,66,0,21,9,2
1540,3,79,0,21,9,2
1558,3,19,0,21,17,2
1249,1,3,1,23,4,2
1928,4,17,0,16,19,2
1059,2,18,0,20,13,2
826,6,2,1,5,3,2
509,24,1,1,12,5,2
2089,89,5,1,24,2,2
1554,3,55,0,14,15,2
1514,3,19,0,18,2,2
485,24,1,1,18,4,2
2391,5,15,0,16,10,2
921,22,2,1,18,0,2
1112,2,79,0,20,16,2
188,52,0,1,8,3,2
1733,96,4,1,11,0,2
609,1,82,0,20,1,2
1934,4,19,0,15,2,2
2316,5,53,0,12,10,2
1034,2,67,0,17,7,2
1397,1,3,1,12,0,2
2377,5,15,0,11,8,2
2104,78,5,1,21,5,2
2111,78,5,1,12,0,2
182,31,0,1,7,3,2
608,1,65,0,17,3,2
721,1,65,0,14,18,2
1043,2,67,0,13,0,2
111,75,0,1,9,4,2
8,31,0,1,14,3,2
576,24,1,1,16,2,2
2234,5,15,0,11,12,2
2235,5,53,0,15,0,2
1492,3,79,0,21,19,2
1720,21,4,1,9,2,2
1031,2,67,0,16,13,2
227,0,82,0,19,11,2
334,0,82,0,19,3,2
390,0,66,0,17,3,2
2130,89,5,1,10,2,2
460,24,1,1,19,4,2
590,64,1,1,7,4,2
1339,26,3,1,19,2,2
1823,4,17,0,21,7,2
620,1,65,0,12,18,2
1950,4,17,0,21,2,2
2061,26,5,1,14,2,2
603,1,82,0,20,13,2
2192,89,5,1,3,0,2
1118,2,18,0,19,18,2
2181,89,5,1,23,5,2
106,31,0,1,12,3,2
502,0,1,1,2,2,2
706,1,82,0,15,7,2
1992,4,19,0,14,11,2
454,24,1,1,5,3,2
824,6,2,1,7,1,2
1738,75,4,1,9,5,2
1405,3,79,0,21,6,2
2349,5,15,0,12,19,2
1162,2,18,0,14,11,2
144,75,0,1,13,3,2
2359,5,53,0,11,0,2
1024,2,18,0,13,2,2
1863,4,19,0,16,1,2
745,1,82,0,15,12,2
1759,75,4,1,21,3,2
2252,5,53,0,18,12,2
2290,5,15,0,17,12,2
1740,21,4,1,10,2,2
856,76,2,1,20,4,2
498,0,1,1,9,3,2
1267,26,3,1,2,4,2
366,0,66,0,16,1,2
1812,4,79,0,20,17,2
1194,2,18,0,11,1,2
1977,4,19,0,15,12,2
574,24,1,1,20,1,2
1573,3,79,0,13,15,2
1036,2,67,0,12,15,2
592,64,1,1,6,3,2
768,1,15,0,11,10,2
1427,3,79,0,15,7,2
611,1,65,0,20,3,2
1283,26,3,1,22,3,2
1337,45,3,1,15,3,2
1542,3,55,0,20,19,2
2350,5,19,0,15,7,2
983,76,2,1,19,4,2
629,1,15,0,14,19,2
624,1,82,0,15,6,2
1100,2,67,0,20,15,2
1293,45,3,1,3,5,2
1528,3,79,0,12,6,2
1752,75,4,1,22,3,2
2021,89,5,1,16,3,2
1688,21,4,1,13,4,2
1770,75,4,1,5,0,2
1008,2,67,0,14,9,2
2336,5,19,0,17,14,2
1271,26,3,1,5,2,2
217,0,82,0,17,0,2
797,1,15,0,15,0,2
2268,5,15,0,14,16,2
1244,1,3,1,10,4,2
114,31,0,1,14,0,2
2062,78,5,1,5,3,2
1824,4,19,0,21,13,2
2212,5,19,0,13,0,2
2135,78,5,1,4,0,2
728,1,65,0,14,6,2
530,64,1,1,1,5,2
1134,2,67,0,14,8,2
1503,3,19,0,14,11,2
1988,4,79,0,20,1,2
508,0,1,1,14,5,2
364,0,82,0,21,13,2
569,64,1,1,16,0,2
1741,75,4,1,13,3,2
661,1,82,0,20,17,2
789,1,82,0,16,19,2
1171,2,79,0,19,15,2
295,0,66,0,19,11,2
1563,3,19,0,17,0,2
443,24,1,1,19,5,2
248,0,66,0,12,17,2
1307,26,3,1,16,2,2
1980,4,79,0,21,16,2
607,1,82,0,13,15,2
941,6,2,1,23,0,2
2352,5,53,0,16,11,2
2395,5,15,0,14,3,2
730,1,82,0,14,12,2
92,52,0,1,11,5,2
230,0,66,0,20,1,2
0,52,0,1,2,3,2
1292,45,3,1,18,5,2
796,1,65,0,11,14,2
1847,4,19,0,17,18,2
705,1,15,0,20,17,2
2200,5,15,0,21,16,2
1033,2,79,0,14,19,2
1343,1,3,1,4,0,2
1798,96,4,1,1,5,2
1882,4,19,0,20,13,2
1029,2,67,0,14,7,2
579,24,1,1,20,3,2
2227,5,53,0,11,7,2
1046,2,79,0,21,17,2
554,64,1,1,24,0,2
1836,4,17,0,18,9,2
1872,4,79,0,13,0,2
391,0,82,0,17,3,2
895,76,2,1,9,0,2
1167,2,18,0,12,9,2
1561,3,79,0,14,14,2
1457,3,55,0,13,18,2
2110,78,5,1,22,0,2
1094,2,67,0,11,18,2
1468,3,55,0,18,0,2
1832,4,79,0,14,0,2
1386,45,3,1,19,0,2
2025,78,5,1,12,1,2
1342,1,3,1,6,4,2
1856,4,17,0,17,8,2
2106,78,5,1,12,1,2
1941,4,19,0,18,0,2
1877,4,79,0,14,8,2
194,31,0,1,1,5,2
1378,26,3,1,1,0,2
937,22,2,1,23,1,2
960,22,2,1,3,3,2
2323,5,19,0,12,2,2
55,31,0,1,22,2,2
368,0,66,0,14,18,2
237,0,50,0,13,4,2
1972,4,17,0,15,3,2
434,24,1,1,3,0,2
2092,78,5,1,22,2,2
963,76,2,1,9,4,2
54,52,0,1,17,2,2
588,64,1,1,23,2,2
1708,21,4,1,10,2,2
2378,5,19,0,16,2,2
497,0,1,1,11,0,2
2348,5,53,0,13,8,2
49,31,0,1,24,0,2
1128,2,18,0,14,1,2
316,0,50,0,17,17,2
938,76,2,1,24,1,2
1861,4,17,0,18,12,2
1133,2,79,0,13,0,2
1111,2,79,0,16,5,2
881,22,2,1,20,2,2
638,1,82,0,16,17,2
1653,96,4,1,11,3,2
978,6,2,1,10,4,2
1778,21,4,1,14,2,2
2220,5,15,0,11,9,2
2317,5,15,0,16,1,2
810,6,2,1,22,4,2
272,0,66,0,21,10,2
1347,45,3,1,5,0,2
155,52,0,1,23,1,2
1658,21,4,1,1,0,2
538,24,1,1,14,0,2
48,31,0,1,1,1,2
1973,4,19,0,20,15,2
105,52,0,1,20,4,2
2150,78,5,1,19,5,2
1983,4,19,0,18,3,2
1965,4,19,0,11,2,2
1461,3,19,0,12,10,2
948,76,2,1,5,4,2
1285,1,3,1,2,1,2
1141,2,18,0,15,2,2
1924,4,17,0,19,16,2
355,0,66,0,17,8,2
141,31,0,1,22,1,2
1019,2,79,0,15,1,2
621,1,65,0,17,17,2
565,24,1,1,12,1,2
280,0,82,0,19,6,2
126,75,0,1,23,2,2
2037,89,5,1,17,1,2
1682,96,4,1,4,1,2
1168,2,79,0,14,3,2
570,64,1,1,21,5,2
1362,26,3,1,8,3,2
2032,78,5,1,23,4,2
734,1,65,0,19,6,2
840,6,2,1,7,1,2
333,0,50,0,20,17,2
1887,4,79,0,13,14,2
2368,5,19,0,19,6,2
1044,2,18,0,13,2,2
711,1,15,0,16,11,2
277,0,82,0,18,17,2
2018,78,5,1,19,0,2
770,1,82,0,21,6,2
1063,2,67,0,13,17,2
1652,96,4,1,23,0,2
807,76,2,1,24,2,2
1142,2,18,0,18,8,2
1743,21,4,1,11,4,2
332,0,66,0,16,0,2
362,0,82,0,12,16,2
1289,1,3,1,24,0,2
1838,4,79,0,17,4,2
680,1,15,0,17,6,2
1231,26,3,1,19,1,2
95,52,0,1,20,1,2
208,0,50,0,21,16,2
