7
0,61,0,1,14,2,2
1,86,0,1,24,5,2
2,61,0,1,11,2,2
3,6,0,1,1,2,2
4,61,0,1,16,1,2
5,86,0,1,7,1,2
6,86,0,1,13,0,2
7,86,0,1,12,1,2
8,6,0,1,0,4,2
9,6,0,1,4,1,2
10,6,0,1,5,5,2
11,6,0,1,5,4,2
12,61,0,1,1,3,2
13,61,0,1,13,4,2
14,6,0,1,5,5,2
15,86,0,1,13,5,2
16,86,0,1,19,4,2
17,86,0,1,8,3,2
18,6,0,1,16,4,2
19,6,0,1,18,3,2
20,6,0,1,5,3,2
21,6,0,1,19,2,2
22,61,0,1,19,0,2
23,61,0,1,1,4,2
24,6,0,1,20,4,2
25,86,0,1,1,5,2
26,61,0,1,7,5,2
27,6,0,1,16,0,2
28,86,0,1,7,1,2
29,6,0,1,15,4,2
30,6,0,1,6,0,2
31,6,0,1,0,4,2
32,6,0,1,21,1,2
33,86,0,1,2,4,2
34,86,0,1,22,2,2
35,6,0,1,3,1,2
36,61,0,1,6,4,2
37,6,0,1,24,5,2
38,86,0,1,1,0,2
39,6,0,1,13,1,2
40,6,0,1,18,2,2
41,61,0,1,4,3,2
42,61,0,1,7,0,2
43,61,0,1,0,0,2
44,6,0,1,7,2,2
45,6,0,1,11,5,2
46,86,0,1,4,1,2
47,6,0,1,20,2,2
48,86,0,1,15,3,2
49,6,0,1,21,2,2
50,86,0,1,13,4,2
51,6,0,1,6,5,2
52,6,0,1,18,4,2
53,86,0,1,5,5,2
54,61,0,1,21,4,2
55,61,0,1,9,5,2
56,86,0,1,5,2,2
57,6,0,1,10,3,2
58,86,0,1,4,1,2
59,86,0,1,19,3,2
60,61,0,1,19,2,2
61,86,0,1,7,2,2
62,86,0,1,22,1,2
63,86,0,1,9,4,2
64,61,0,1,22,4,2
65,86,0,1,7,1,2
66,86,0,1,0,3,2
67,86,0,1,8,4,2
68,86,0,1,7,3,2
69,86,0,1,14,0,2
70,61,0,1,16,2,2
71,86,0,1,7,3,2
72,6,0,1,23,5,2
73,61,0,1,10,2,2
74,6,0,1,3,3,2
75,86,0,1,6,3,2
76,61,0,1,11,3,2
77,6,0,1,0,3,2
78,6,0,1,19,2,2
79,61,0,1,11,4,2
80,86,0,1,16,2,2
81,61,0,1,16,2,2
82,61,0,1,12,4,2
83,6,0,1,3,3,2
84,86,0,1,7,2,2
85,6,0,1,4,4,2
86,6,0,1,10,5,2
87,86,0,1,13,0,2
88,61,0,1,7,2,2
89,61,0,1,24,5,2
90,6,0,1,24,3,2
91,6,0,1,7,0,2
92,86,0,1,19,0,2
93,6,0,1,17,5,2
94,86,0,1,21,5,2
95,61,0,1,20,1,2
96,86,0,1,11,5,2
97,61,0,1,12,2,2
98,6,0,1,20,2,2
99,6,0,1,10,0,2
100,6,0,1,2,4,2
101,6,0,1,6,4,2
102,61,0,1,6,0,2
103,6,0,1,5,3,2
104,6,0,1,24,0,2
105,86,0,1,24,2,2
106,86,0,1,1,5,2
107,6,0,1,13,0,2
108,61,0,1,20,0,2
109,61,0,1,14,2,2
110,86,0,1,22,3,2
111,61,0,1,5,2,2
112,61,0,1,6,4,2
113,86,0,1,6,0,2
114,86,0,1,13,2,2
115,86,0,1,9,1,2
116,61,0,1,11,4,2
117,86,0,1,16,3,2
118,86,0,1,2,5,2
119,61,0,1,20,0,2
120,61,0,1,16,3,2
121,6,0,1,0,1,2
122,6,0,1,24,1,2
123,6,0,1,2,5,2
124,86,0,1,20,0,2
125,6,0,1,24,3,2
126,86,0,1,4,3,2
127,6,0,1,7,5,2
128,86,0,1,19,3,2
129,86,0,1,2,3,2
130,6,0,1,23,5,2
131,86,0,1,0,3,2
132,86,0,1,12,4,2
133,86,0,1,11,1,2
134,6,0,1,19,0,2
135,86,0,1,20,2,2
136,61,0,1,0,3,2
137,61,0,1,15,1,2
138,6,0,1,21,3,2
139,6,0,1,4,2,2
140,6,0,1,10,1,2
141,6,0,1,11,5,2
142,61,0,1,24,5,2
143,86,0,1,12,0,2
144,6,0,1,12,5,2
145,61,0,1,8,5,2
146,61,0,1,6,0,2
147,61,0,1,4,0,2
148,86,0,1,10,3,2
149,86,0,1,18,0,2
150,6,0,1,24,5,2
151,86,0,1,8,2,2
152,6,0,1,22,5,2
153,6,0,1,14,1,2
154,61,0,1,3,5,2
155,61,0,1,24,5,2
156,6,0,1,24,1,2
157,86,0,1,12,4,2
158,86,0,1,10,4,2
159,61,0,1,15,3,2
160,6,0,1,15,1,2
161,6,0,1,0,0,2
162,6,0,1,8,2,2
163,6,0,1,15,3,2
164,61,0,1,4,0,2
165,61,0,1,6,0,2
166,61,0,1,10,3,2
167,86,0,1,3,3,2
168,61,0,1,1,2,2
169,86,0,1,11,4,2
170,86,0,1,7,2,2
171,61,0,1,14,4,2
172,6,0,1,0,2,2
173,86,0,1,23,2,2
174,61,0,1,19,1,2
175,61,0,1,24,0,2
176,61,0,1,0,1,2
177,61,0,1,9,5,2
178,86,0,1,20,4,2
179,61,0,1,23,0,2
180,61,0,1,3,0,2
181,6,0,1,10,4,2
182,6,0,1,14,3,2
183,6,0,1,4,2,2
184,61,0,1,24,0,2
185,86,0,1,19,0,2
186,6,0,1,20,4,2
187,61,0,1,3,0,2
188,86,0,1,4,4,2
189,6,0,1,19,5,2
190,86,0,1,24,0,2
191,61,0,1,10,4,2
192,6,0,1,19,2,2
193,61,0,1,1,0,2
194,6,0,1,8,0,2
195,6,0,1,16,2,2
196,61,0,1,5,2,2
197,86,0,1,14,2,2
198,61,0,1,1,1,2
199,6,0,1,17,5,2
200,0,67,0,12,16,2
201,0,53,0,15,16,2
202,0,67,0,12,7,2
203,0,67,0,21,11,2
204,0,53,0,16,18,2
205,0,65,0,20,3,2
206,0,67,0,12,2,2
207,0,67,0,14,19,2
208,0,67,0,15,4,2
209,0,67,0,18,1,2
210,0,53,0,18,4,2
211,0,65,0,21,5,2
212,0,53,0,15,12,2
213,0,53,0,14,9,2
214,0,53,0,15,16,2
215,0,53,0,12,16,2
216,0,65,0,20,10,2
217,0,53,0,18,9,2
218,0,53,0,14,2,2
219,0,53,0,19,9,2
220,0,65,0,13,7,2
221,0,53,0,20,4,2
222,0,53,0,11,19,2
223,0,67,0,12,15,2
224,0,65,0,16,4,2
225,0,65,0,16,2,2
226,0,67,0,19,8,2
227,0,53,0,15,4,2
228,0,65,0,16,8,2
229,0,67,0,14,0,2
230,0,67,0,14,16,2
231,0,53,0,11,18,2
232,0,53,0,16,12,2
233,0,53,0,13,4,2
234,0,65,0,16,15,2
235,0,67,0,19,2,2
236,0,67,0,14,14,2
237,0,53,0,15,10,2
238,0,65,0,18,1,2
239,0,67,0,20,17,2
240,0,65,0,13,15,2
241,0,53,0,17,7,2
242,0,67,0,21,13,2
243,0,67,0,16,17,2
244,0,53,0,19,14,2
245,0,53,0,17,16,2
246,0,65,0,18,5,2
247,0,67,0,11,13,2
248,0,53,0,13,2,2
249,0,65,0,15,1,2
250,0,53,0,11,13,2
251,0,65,0,13,19,2
252,0,65,0,16,11,2
253,0,67,0,17,11,2
254,0,67,0,18,19,2
255,0,53,0,20,11,2
256,0,53,0,14,10,2
257,0,67,0,17,13,2
258,0,65,0,16,8,2
259,0,67,0,14,6,2
260,0,53,0,17,10,2
261,0,67,0,20,6,2
262,0,65,0,11,11,2
263,0,65,0,17,19,2
264,0,67,0,13,7,2
265,0,53,0,16,0,2
266,0,67,0,18,4,2
267,0,67,0,21,3,2
268,0,53,0,12,9,2
269,0,53,0,14,15,2
270,0,53,0,11,7,2
271,0,67,0,13,13,2
272,0,53,0,14,5,2
273,0,67,0,19,0,2
274,0,53,0,15,1,2
275,0,53,0,18,18,2
276,0,53,0,18,14,2
277,0,67,0,12,8,2
278,0,65,0,19,12,2
279,0,67,0,16,0,2
280,0,65,0,11,8,2
281,0,67,0,12,2,2
282,0,65,0,18,16,2
283,0,67,0,21,18,2
284,0,67,0,20,0,2
285,0,67,0,15,8,2
286,0,65,0,15,13,2
287,0,67,0,11,12,2
288,0,53,0,14,7,2
289,0,65,0,14,8,2
290,0,53,0,17,5,2
291,0,65,0,11,7,2
292,0,65,0,11,19,2
293,0,65,0,17,13,2
294,0,67,0,20,18,2
295,0,67,0,17,13,2
296,0,65,0,17,12,2
297,0,65,0,19,8,2
298,0,65,0,12,18,2
299,0,65,0,13,12,2
300,0,65,0,18,3,2
301,0,67,0,18,19,2
302,0,53,0,15,13,2
303,0,67,0,15,2,2
304,0,53,0,11,17,2
305,0,67,0,14,10,2
306,0,65,0,21,7,2
307,0,67,0,21,8,2
308,0,65,0,18,14,2
309,0,53,0,16,1,2
310,0,67,0,14,0,2
311,0,53,0,16,4,2
312,0,67,0,18,8,2
313,0,53,0,11,3,2
314,0,67,0,12,1,2
315,0,67,0,12,17,2
316,0,65,0,13,10,2
317,0,67,0,12,16,2
318,0,65,0,14,19,2
319,0,65,0,21,17,2
320,0,67,0,14,7,2
321,0,65,0,11,0,2
322,0,67,0,20,15,2
323,0,53,0,12,15,2
324,0,67,0,16,17,2
325,0,53,0,17,15,2
326,0,53,0,19,10,2
327,0,67,0,19,8,2
328,0,67,0,11,14,2
329,0,65,0,11,14,2
330,0,53,0,19,11,2
331,0,53,0,12,15,2
332,0,65,0,15,18,2
333,0,65,0,15,4,2
334,0,65,0,12,3,2
335,0,67,0,12,0,2
336,0,53,0,18,17,2
337,0,67,0,16,9,2
338,0,67,0,20,10,2
339,0,65,0,20,13,2
340,0,53,0,15,14,2
341,0,53,0,15,5,2
342,0,53,0,20,12,2
343,0,67,0,19,1,2
344,0,65,0,21,18,2
345,0,65,0,11,18,2
346,0,67,0,13,4,2
347,0,53,0,20,1,2
348,0,53,0,15,3,2
349,0,65,0,12,4,2
350,0,53,0,21,17,2
351,0,53,0,13,7,2
352,0,53,0,12,15,2
353,0,53,0,15,12,2
354,0,65,0,14,0,2
355,0,65,0,17,10,2
356,0,67,0,15,13,2
357,0,67,0,13,16,2
358,0,67,0,13,3,2
359,0,65,0,16,16,2
360,0,53,0,13,13,2
361,0,67,0,12,14,2
362,0,53,0,19,9,2
363,0,67,0,18,12,2
364,0,53,0,13,12,2
365,0,65,0,18,7,2
366,0,65,0,15,4,2
367,0,65,0,20,8,2
368,0,65,0,11,10,2
369,0,65,0,14,4,2
370,0,67,0,13,6,2
371,0,67,0,19,9,2
372,0,65,0,14,1,2
373,0,65,0,18,4,2
374,0,65,0,21,3,2
375,0,53,0,14,4,2
376,0,67,0,17,12,2
377,0,65,0,17,1,2
378,0,67,0,15,4,2
379,0,65,0,19,4,2
380,0,67,0,12,4,2
381,0,53,0,12,17,2
382,0,65,0,21,16,2
383,0,65,0,17,10,2
384,0,53,0,18,15,2
385,0,67,0,15,1,2
386,0,65,0,18,13,2
387,0,67,0,21,7,2
388,0,65,0,18,8,2
389,0,67,0,20,0,2
390,0,53,0,17,19,2
391,0,53,0,11,14,2
392,0,65,0,20,5,2
393,0,65,0,17,18,2
394,0,53,0,16,13,2
395,0,65,0,13,19,2
396,0,67,0,15,3,2
397,0,65,0,12,5,2
398,0,53,0,12,13,2
399,0,65,0,15,14,2
400,13,1,1,8,0,2
401,13,1,1,2,1,2
402,13,1,1,4,4,2
403,4,1,1,6,1,2
404,11,1,1,11,4,2
405,4,1,1,13,0,2
406,13,1,1,22,2,2
407,13,1,1,12,2,2
408,4,1,1,20,5,2
409,13,1,1,19,0,2
410,11,1,1,13,4,2
411,13,1,1,12,1,2
412,4,1,1,8,2,2
413,11,1,1,1,3,2
414,4,1,1,11,4,2
415,4,1,1,3,3,2
416,11,1,1,3,4,2
417,11,1,1,16,2,2
418,4,1,1,1,4,2
419,11,1,1,21,3,2
420,13,1,1,2,0,2
421,4,1,1,18,2,2
422,11,1,1,0,4,2
423,13,1,1,6,5,2
424,4,1,1,2,3,2
425,11,1,1,1,4,2
426,13,1,1,22,3,2
427,4,1,1,15,5,2
428,13,1,1,11,2,2
429,13,1,1,5,0,2
430,13,1,1,8,0,2
431,13,1,1,22,0,2
432,13,1,1,11,4,2
433,11,1,1,23,0,2
434,11,1,1,22,5,2
435,11,1,1,19,4,2
436,11,1,1,23,0,2
437,11,1,1,10,3,2
438,11,1,1,8,2,2
439,11,1,1,4,5,2
440,4,1,1,13,5,2
441,4,1,1,3,3,2
442,4,1,1,9,1,2
443,4,1,1,24,3,2
444,4,1,1,23,3,2
445,13,1,1,2,4,2
446,11,1,1,24,0,2
447,11,1,1,7,2,2
448,13,1,1,17,3,2
449,4,1,1,6,1,2
450,11,1,1,21,2,2
451,11,1,1,5,1,2
452,11,1,1,2,3,2
453,11,1,1,24,1,2
454,11,1,1,14,2,2
455,11,1,1,14,3,2
456,13,1,1,17,0,2
457,13,1,1,17,3,2
458,4,1,1,1,1,2
459,4,1,1,16,1,2
460,11,1,1,5,3,2
461,13,1,1,8,0,2
462,4,1,1,19,1,2
463,13,1,1,18,4,2
464,11,1,1,12,3,2
465,13,1,1,20,1,2
466,4,1,1,7,4,2
467,13,1,1,0,4,2
468,13,1,1,21,3,2
469,13,1,1,17,5,2
470,4,1,1,3,2,2
471,13,1,1,14,3,2
472,13,1,1,21,5,2
473,11,1,1,1,5,2
474,4,1,1,2,5,2
475,4,1,1,11,2,2
476,11,1,1,16,2,2
477,13,1,1,11,2,2
478,4,1,1,3,1,2
479,13,1,1,15,5,2
480,4,1,1,9,3,2
481,4,1,1,12,2,2
482,13,1,1,11,5,2
483,11,1,1,24,3,2
484,4,1,1,21,2,2
485,4,1,1,4,3,2
486,11,1,1,10,5,2
487,4,1,1,22,0,2
488,11,1,1,13,2,2
489,11,1,1,15,4,2
490,4,1,1,8,1,2
491,4,1,1,10,5,2
492,13,1,1,20,5,2
493,4,1,1,7,3,2
494,11,1,1,3,2,2
495,11,1,1,12,0,2
496,13,1,1,4,2,2
497,4,1,1,14,4,2
498,4,1,1,3,1,2
499,13,1,1,23,5,2
500,11,1,1,3,2,2
501,11,1,1,6,1,2
502,13,1,1,14,4,2
503,11,1,1,0,5,2
504,4,1,1,17,5,2
505,11,1,1,23,0,2
506,11,1,1,12,0,2
507,13,1,1,9,4,2
508,13,1,1,22,5,2
509,11,1,1,18,2,2
510,11,1,1,10,5,2
511,13,1,1,13,5,2
512,13,1,1,8,0,2
513,4,1,1,6,0,2
514,13,1,1,9,4,2
515,11,1,1,7,4,2
516,4,1,1,6,0,2
517,4,1,1,5,3,2
518,4,1,1,22,5,2
519,4,1,1,11,1,2
520,4,1,1,0,2,2
521,11,1,1,19,2,2
522,4,1,1,8,3,2
523,11,1,1,19,0,2
524,13,1,1,17,2,2
525,4,1,1,7,1,2
526,11,1,1,15,2,2
527,13,1,1,14,1,2
528,13,1,1,16,1,2
529,4,1,1,14,3,2
530,4,1,1,7,1,2
531,13,1,1,18,5,2
532,13,1,1,7,0,2
533,11,1,1,21,5,2
534,11,1,1,2,1,2
535,4,1,1,16,3,2
536,11,1,1,12,5,2
537,4,1,1,19,5,2
538,4,1,1,17,1,2
539,11,1,1,13,3,2
540,11,1,1,0,3,2
541,13,1,1,9,2,2
542,11,1,1,7,4,2
543,4,1,1,15,4,2
544,4,1,1,0,5,2
545,13,1,1,21,5,2
546,11,1,1,17,1,2
547,13,1,1,24,4,2
548,13,1,1,20,2,2
549,4,1,1,21,4,2
550,4,1,1,3,4,2
551,4,1,1,16,3,2
552,11,1,1,12,4,2
553,11,1,1,1,4,2
554,13,1,1,12,2,2
555,4,1,1,23,4,2
556,13,1,1,13,1,2
557,4,1,1,9,4,2
558,11,1,1,20,3,2
559,4,1,1,8,3,2
560,11,1,1,0,3,2
561,13,1,1,8,5,2
562,4,1,1,21,4,2
563,13,1,1,6,1,2
564,4,1,1,17,3,2
565,11,1,1,11,2,2
566,13,1,1,9,0,2
567,11,1,1,10,3,2
568,4,1,1,1,0,2
569,11,1,1,10,1,2
570,13,1,1,6,1,2
571,4,1,1,9,5,2
572,4,1,1,6,5,2
573,4,1,1,6,4,2
574,11,1,1,10,3,2
575,13,1,1,2,2,2
576,4,1,1,13,4,2
577,11,1,1,12,2,2
578,4,1,1,9,5,2
579,11,1,1,22,1,2
580,13,1,1,16,5,2
581,13,1,1,8,2,2
582,11,1,1,17,0,2
583,11,1,1,24,5,2
584,13,1,1,5,1,2
585,4,1,1,16,5,2
586,4,1,1,5,4,2
587,11,1,1,21,2,2
588,4,1,1,19,1,2
589,13,1,1,3,4,2
590,4,1,1,6,5,2
591,13,1,1,13,4,2
592,13,1,1,18,2,2
593,13,1,1,1,5,2
594,11,1,1,3,4,2
595,4,1,1,23,0,2
596,13,1,1,16,0,2
597,4,1,1,13,1,2
598,13,1,1,4,1,2
599,11,1,1,17,0,2
600,1,66,0,14,12,2
601,1,23,0,16,12,2
602,1,66,0,11,6,2
603,1,18,0,14,16,2
604,1,66,0,18,3,2
605,1,23,0,20,9,2
606,1,23,0,18,1,2
607,1,18,0,17,18,2
608,1,23,0,21,17,2
609,1,66,0,15,1,2
610,1,66,0,16,8,2
611,1,18,0,16,11,2
612,1,66,0,20,14,2
613,1,23,0,21,8,2
614,1,66,0,12,4,2
615,1,66,0,19,6,2
616,1,23,0,11,2,2
617,1,66,0,15,0,2
618,1,18,0,19,14,2
619,1,66,0,13,9,2
620,1,18,0,12,15,2
621,1,18,0,11,8,2
622,1,23,0,21,15,2
623,1,23,0,14,10,2
624,1,66,0,21,1,2
625,1,23,0,15,6,2
626,1,66,0,18,10,2
627,1,18,0,20,18,2
628,1,18,0,13,6,2
629,1,66,0,20,14,2
630,1,23,0,16,15,2
631,1,23,0,18,0,2
632,1,23,0,12,6,2
633,1,23,0,19,15,2
634,1,66,0,17,2,2
635,1,66,0,14,8,2
636,1,66,0,14,15,2
637,1,18,0,20,17,2
638,1,23,0,18,11,2
639,1,66,0,18,9,2
640,1,23,0,14,14,2
641,1,23,0,15,15,2
642,1,23,0,12,1,2
643,1,23,0,14,9,2
644,1,23,0,18,2,2
645,1,23,0,17,12,2
646,1,23,0,21,9,2
647,1,23,0,20,10,2
648,1,23,0,13,4,2
649,1,23,0,12,14,2
650,1,18,0,15,13,2
651,1,23,0,18,19,2
652,1,18,0,17,19,2
653,1,18,0,12,11,2
654,1,23,0,21,2,2
655,1,66,0,21,12,2
656,1,23,0,20,18,2
657,1,23,0,14,8,2
658,1,23,0,21,6,2
659,1,66,0,14,16,2
660,1,18,0,14,18,2
661,1,66,0,12,0,2
662,1,23,0,12,11,2
663,1,66,0,13,13,2
664,1,23,0,11,3,2
665,1,23,0,18,4,2
666,1,66,0,15,2,2
667,1,18,0,14,16,2
668,1,18,0,20,18,2
669,1,18,0,16,17,2
670,1,23,0,16,11,2
671,1,23,0,12,4,2
672,1,66,0,16,7,2
673,1,66,0,17,7,2
674,1,66,0,12,9,2
675,1,23,0,13,7,2
676,1,18,0,20,5,2
677,1,18,0,15,6,2
678,1,66,0,19,10,2
679,1,66,0,13,5,2
680,1,66,0,20,16,2
681,1,66,0,12,10,2
682,1,23,0,19,14,2
683,1,23,0,21,3,2
684,1,66,0,14,10,2
685,1,23,0,18,14,2
686,1,23,0,14,3,2
687,1,18,0,19,15,2
688,1,23,0,21,5,2
689,1,66,0,21,17,2
690,1,23,0,15,0,2
691,1,18,0,21,14,2
692,1,18,0,20,8,2
693,1,18,0,21,3,2
694,1,66,0,15,4,2
695,1,23,0,15,17,2
696,1,66,0,15,3,2
697,1,23,0,21,10,2
698,1,66,0,13,13,2
699,1,18,0,12,0,2
700,1,23,0,19,13,2
701,1,66,0,15,6,2
702,1,66,0,18,7,2
703,1,23,0,13,7,2
704,1,66,0,16,16,2
705,1,23,0,19,15,2
706,1,18,0,17,15,2
707,1,23,0,12,1,2
708,1,66,0,16,16,2
709,1,66,0,14,1,2
710,1,23,0,12,5,2
711,1,66,0,20,1,2
712,1,23,0,21,7,2
713,1,18,0,12,7,2
714,1,18,0,13,9,2
715,1,23,0,17,5,2
716,1,18,0,14,18,2
717,1,66,0,18,11,2
718,1,66,0,21,9,2
719,1,23,0,11,12,2
720,1,66,0,18,10,2
721,1,23,0,13,15,2
722,1,18,0,19,9,2
723,1,66,0,11,18,2
724,1,23,0,18,0,2
725,1,18,0,16,9,2
726,1,18,0,11,3,2
727,1,18,0,21,13,2
728,1,66,0,17,7,2
729,1,66,0,18,13,2
730,1,23,0,11,15,2
731,1,66,0,21,0,2
732,1,23,0,19,6,2
733,1,23,0,17,8,2
734,1,18,0,18,6,2
735,1,18,0,20,17,2
736,1,23,0,21,2,2
737,1,66,0,14,16,2
738,1,23,0,21,17,2
739,1,66,0,15,19,2
740,1,23,0,19,7,2
741,1,66,0,12,0,2
742,1,23,0,13,5,2
743,1,18,0,19,8,2
744,1,66,0,13,14,2
745,1,23,0,21,9,2
746,1,23,0,15,17,2
747,1,23,0,18,3,2
748,1,66,0,19,12,2
749,1,18,0,18,8,2
750,1,18,0,12,8,2
751,1,23,0,13,6,2
752,1,23,0,21,2,2
753,1,23,0,12,9,2
754,1,23,0,17,1,2
755,1,23,0,19,11,2
756,1,23,0,17,16,2
757,1,23,0,11,16,2
758,1,66,0,20,10,2
759,1,18,0,15,11,2
760,1,18,0,12,8,2
761,1,66,0,20,0,2
762,1,66,0,14,6,2
763,1,23,0,17,0,2
764,1,66,0,20,17,2
765,1,66,0,15,14,2
766,1,66,0,11,12,2
767,1,18,0,18,7,2
768,1,66,0,12,19,2
769,1,18,0,16,13,2
770,1,18,0,18,15,2
771,1,18,0,12,11,2
772,1,18,0,15,15,2
773,1,66,0,15,6,2
774,1,66,0,11,14,2
775,1,66,0,17,1,2
776,1,66,0,11,1,2
777,1,18,0,19,9,2
778,1,66,0,11,2,2
779,1,23,0,17,0,2
780,1,18,0,12,2,2
781,1,18,0,14,2,2
782,1,23,0,15,2,2
783,1,66,0,15,0,2
784,1,23,0,17,9,2
785,1,66,0,20,6,2
786,1,18,0,14,1,2
787,1,18,0,16,17,2
788,1,66,0,19,11,2
789,1,18,0,17,8,2
790,1,23,0,11,2,2
791,1,66,0,11,5,2
792,1,18,0,18,14,2
793,1,66,0,13,5,2
794,1,66,0,21,13,2
795,1,18,0,15,9,2
796,1,23,0,18,12,2
797,1,18,0,17,19,2
798,1,23,0,12,1,2
799,1,18,0,14,2,2
800,9,2,1,5,5,2
801,20,2,1,22,5,2
802,9,2,1,11,5,2
803,20,2,1,13,4,2
804,9,2,1,22,5,2
805,9,2,1,6,0,2
806,20,2,1,3,5,2
807,9,2,1,15,2,2
808,20,2,1,21,1,2
809,20,2,1,4,3,2
810,20,2,1,17,4,2
811,9,2,1,15,5,2
812,9,2,1,5,0,2
813,89,2,1,15,2,2
814,20,2,1,17,2,2
815,20,2,1,3,3,2
816,20,2,1,23,3,2
817,20,2,1,22,4,2
818,9,2,1,12,0,2
819,89,2,1,10,5,2
820,20,2,1,1,0,2
821,20,2,1,19,5,2
822,89,2,1,0,1,2
823,89,2,1,6,5,2
824,9,2,1,8,4,2
825,89,2,1,23,0,2
826,89,2,1,16,4,2
827,9,2,1,12,1,2
828,89,2,1,14,4,2
829,89,2,1,8,0,2
830,89,2,1,21,3,2
831,9,2,1,11,2,2
832,20,2,1,8,3,2
833,89,2,1,9,1,2
834,9,2,1,19,4,2
835,9,2,1,3,2,2
836,9,2,1,9,2,2
837,89,2,1,13,4,2
838,20,2,1,15,3,2
839,20,2,1,7,0,2
840,20,2,1,21,0,2
841,89,2,1,8,4,2
842,89,2,1,19,3,2
843,20,2,1,2,2,2
844,89,2,1,17,4,2
845,9,2,1,24,1,2
846,20,2,1,17,2,2
847,9,2,1,14,1,2
848,9,2,1,5,0,2
849,9,2,1,7,2,2
850,89,2,1,21,0,2
851,20,2,1,2,3,2
852,9,2,1,16,0,2
853,9,2,1,7,1,2
854,9,2,1,4,1,2
855,9,2,1,13,0,2
856,20,2,1,1,1,2
857,20,2,1,17,2,2
858,89,2,1,9,3,2
859,20,2,1,14,5,2
860,89,2,1,12,1,2
861,20,2,1,3,2,2
862,9,2,1,18,3,2
863,89,2,1,13,3,2
864,89,2,1,2,2,2
865,9,2,1,3,3,2
866,20,2,1,2,1,2
867,20,2,1,12,3,2
868,89,2,1,18,2,2
869,89,2,1,15,2,2
870,9,2,1,19,2,2
871,9,2,1,2,1,2
872,9,2,1,8,2,2
873,20,2,1,16,1,2
874,20,2,1,1,3,2
875,20,2,1,21,0,2
876,89,2,1,23,0,2
877,89,2,1,20,0,2
878,20,2,1,21,5,2
879,89,2,1,2,5,2
880,89,2,1,16,0,2
881,89,2,1,17,0,2
882,9,2,1,9,2,2
883,9,2,1,21,1,2
884,20,2,1,19,3,2
885,89,2,1,16,4,2
886,89,2,1,14,2,2
887,9,2,1,4,5,2
888,9,2,1,13,2,2
889,89,2,1,14,3,2
890,89,2,1,1,3,2
891,20,2,1,1,3,2
892,89,2,1,20,4,2
893,89,2,1,23,3,2
894,20,2,1,2,4,2
895,9,2,1,11,1,2
896,9,2,1,13,5,2
897,89,2,1,21,1,2
898,20,2,1,13,3,2
899,20,2,1,14,2,2
900,89,2,1,11,1,2
901,20,2,1,0,4,2
902,89,2,1,22,0,2
903,9,2,1,17,1,2
904,9,2,1,13,4,2
905,20,2,1,12,5,2
906,89,2,1,2,5,2
907,9,2,1,19,0,2
908,89,2,1,14,3,2
909,89,2,1,5,4,2
910,20,2,1,24,4,2
911,20,2,1,8,2,2
912,9,2,1,14,3,2
913,89,2,1,3,4,2
914,89,2,1,0,3,2
915,89,2,1,6,2,2
916,89,2,1,0,1,2
917,9,2,1,22,4,2
918,20,2,1,22,4,2
919,89,2,1,24,1,2
920,9,2,1,9,1,2
921,9,2,1,17,2,2
922,9,2,1,7,1,2
923,89,2,1,21,1,2
924,20,2,1,4,3,2
925,89,2,1,16,4,2
926,89,2,1,22,3,2
927,89,2,1,17,1,2
928,20,2,1,14,2,2
929,20,2,1,12,0,2
930,89,2,1,19,0,2
931,89,2,1,21,0,2
932,89,2,1,23,4,2
933,20,2,1,23,0,2
934,89,2,1,13,5,2
935,89,2,1,15,2,2
936,20,2,1,0,1,2
937,9,2,1,1,5,2
938,9,2,1,24,3,2
939,20,2,1,1,1,2
940,20,2,1,19,3,2
941,89,2,1,18,2,2
942,89,2,1,22,5,2
943,20,2,1,14,4,2
944,89,2,1,15,2,2
945,89,2,1,19,2,2
946,89,2,1,14,0,2
947,89,2,1,0,3,2
948,9,2,1,7,5,2
949,9,2,1,2,5,2
950,89,2,1,4,3,2
951,20,2,1,3,2,2
952,89,2,1,13,0,2
953,20,2,1,0,1,2
954,20,2,1,9,2,2
955,9,2,1,10,3,2
956,9,2,1,18,3,2
957,20,2,1,7,5,2
958,20,2,1,20,1,2
959,9,2,1,19,2,2
960,9,2,1,10,1,2
961,89,2,1,21,2,2
962,9,2,1,14,0,2
963,20,2,1,10,3,2
964,20,2,1,11,2,2
965,20,2,1,7,2,2
966,89,2,1,1,2,2
967,9,2,1,13,3,2
968,9,2,1,2,0,2
969,9,2,1,6,2,2
970,9,2,1,3,0,2
971,20,2,1,11,5,2
972,89,2,1,16,1,2
973,9,2,1,7,5,2
974,89,2,1,11,5,2
975,20,2,1,17,0,2
976,20,2,1,15,2,2
977,9,2,1,10,2,2
978,9,2,1,15,0,2
979,9,2,1,24,3,2
980,9,2,1,14,3,2
981,9,2,1,5,1,2
982,20,2,1,15,3,2
983,9,2,1,13,2,2
984,20,2,1,0,2,2
985,9,2,1,9,0,2
986,20,2,1,2,2,2
987,89,2,1,14,3,2
988,89,2,1,6,5,2
989,9,2,1,19,1,2
990,20,2,1,9,2,2
991,20,2,1,15,2,2
992,20,2,1,3,5,2
993,89,2,1,7,5,2
994,9,2,1,14,3,2
995,89,2,1,22,5,2
996,20,2,1,9,5,2
997,89,2,1,7,3,2
998,9,2,1,19,4,2
999,20,2,1,3,2,2
1000,2,23,0,12,15,2
1001,2,50,0,17,13,2
1002,2,23,0,21,6,2
1003,2,18,0,14,1,2
1004,2,23,0,14,17,2
1005,2,23,0,17,6,2
1006,2,18,0,20,11,2
1007,2,18,0,11,1,2
1008,2,18,0,12,8,2
1009,2,50,0,17,18,2
1010,2,18,0,14,16,2
1011,2,50,0,21,19,2
1012,2,50,0,16,15,2
1013,2,50,0,16,2,2
1014,2,23,0,18,11,2
1015,2,50,0,17,7,2
1016,2,50,0,19,8,2
1017,2,50,0,16,12,2
1018,2,23,0,20,8,2
1019,2,18,0,15,19,2
1020,2,23,0,11,2,2
1021,2,50,0,17,14,2
1022,2,23,0,13,1,2
1023,2,18,0,16,5,2
1024,2,50,0,17,10,2
1025,2,50,0,11,18,2
1026,2,50,0,19,5,2
1027,2,18,0,19,0,2
1028,2,50,0,17,19,2
1029,2,23,0,16,13,2
1030,2,23,0,13,12,2
1031,2,23,0,18,2,2
1032,2,18,0,18,4,2
1033,2,50,0,15,3,2
1034,2,23,0,15,0,2
1035,2,50,0,13,19,2
1036,2,23,0,14,1,2
1037,2,18,0,18,11,2
1038,2,23,0,20,12,2
1039,2,50,0,12,19,2
1040,2,23,0,16,19,2
1041,2,18,0,14,16,2
1042,2,23,0,20,8,2
1043,2,50,0,17,19,2
1044,2,50,0,20,12,2
1045,2,18,0,19,15,2
1046,2,50,0,15,2,2
1047,2,23,0,11,7,2
1048,2,23,0,18,6,2
1049,2,50,0,11,1,2
1050,2,23,0,21,4,2
1051,2,18,0,13,18,2
1052,2,18,0,13,15,2
1053,2,23,0,11,7,2
1054,2,50,0,11,9,2
1055,2,50,0,15,9,2
1056,2,23,0,14,3,2
1057,2,50,0,19,15,2
1058,2,23,0,13,8,2
1059,2,18,0,14,7,2
1060,2,50,0,17,16,2
1061,2,23,0,20,7,2
1062,2,23,0,16,19,2
1063,2,50,0,21,0,2
1064,2,50,0,16,18,2
1065,2,18,0,15,14,2
1066,2,18,0,21,4,2
1067,2,18,0,14,2,2
1068,2,50,0,15,19,2
1069,2,18,0,16,1,2
1070,2,23,0,14,19,2
1071,2,50,0,18,9,2
1072,2,23,0,16,17,2
1073,2,50,0,13,3,2
1074,2,50,0,21,18,2
1075,2,18,0,21,16,2
1076,2,18,0,15,17,2
1077,2,18,0,19,10,2
1078,2,18,0,17,8,2
1079,2,23,0,20,2,2
1080,2,18,0,18,13,2
1081,2,18,0,12,12,2
1082,2,18,0,13,3,2
1083,2,18,0,11,13,2
1084,2,23,0,20,18,2
1085,2,18,0,21,16,2
1086,2,18,0,19,11,2
1087,2,50,0,21,8,2
1088,2,23,0,14,18,2
1089,2,18,0,19,10,2
1090,2,23,0,19,13,2
1091,2,50,0,16,5,2
1092,2,23,0,20,10,2
1093,2,18,0,19,6,2
1094,2,23,0,18,2,2
1095,2,50,0,18,2,2
1096,2,50,0,20,5,2
1097,2,18,0,15,14,2
1098,2,18,0,19,13,2
1099,2,50,0,19,11,2
1100,2,50,0,21,7,2
1101,2,18,0,19,6,2
1102,2,50,0,17,10,2
1103,2,23,0,18,15,2
1104,2,18,0,18,14,2
1105,2,23,0,16,3,2
1106,2,23,0,14,8,2
1107,2,18,0,13,7,2
1108,2,18,0,13,17,2
1109,2,18,0,20,10,2
1110,2,50,0,15,7,2
1111,2,18,0,20,7,2
1112,2,50,0,12,12,2
1113,2,23,0,13,18,2
1114,2,18,0,17,15,2
1115,2,50,0,16,2,2
1116,2,23,0,17,8,2
1117,2,23,0,15,15,2
1118,2,23,0,14,0,2
1119,2,23,0,18,19,2
1120,2,23,0,15,18,2
1121,2,18,0,13,19,2
1122,2,18,0,15,13,2
1123,2,18,0,18,2,2
1124,2,50,0,20,8,2
1125,2,50,0,14,15,2
1126,2,50,0,18,11,2
1127,2,23,0,19,10,2
1128,2,23,0,14,10,2
1129,2,23,0,18,16,2
1130,2,18,0,12,15,2
1131,2,18,0,21,12,2
1132,2,50,0,15,7,2
1133,2,50,0,17,4,2
1134,2,50,0,21,18,2
1135,2,23,0,20,0,2
1136,2,50,0,11,3,2
1137,2,23,0,18,11,2
1138,2,23,0,11,5,2
1139,2,23,0,19,19,2
1140,2,50,0,15,16,2
1141,2,18,0,16,12,2
1142,2,23,0,11,11,2
1143,2,18,0,18,19,2
1144,2,18,0,19,4,2
1145,2,50,0,13,8,2
1146,2,50,0,18,10,2
1147,2,18,0,21,2,2
1148,2,18,0,21,0,2
1149,2,18,0,16,7,2
1150,2,23,0,18,16,2
1151,2,18,0,16,4,2
1152,2,23,0,11,18,2
1153,2,23,0,11,15,2
1154,2,18,0,15,17,2
1155,2,23,0,21,9,2
1156,2,18,0,20,17,2
1157,2,50,0,20,9,2
1158,2,50,0,15,2,2
1159,2,23,0,21,3,2
1160,2,18,0,17,15,2
1161,2,50,0,15,10,2
1162,2,23,0,11,11,2
1163,2,23,0,19,18,2
1164,2,50,0,16,10,2
1165,2,18,0,18,1,2
1166,2,23,0,18,5,2
1167,2,23,0,16,0,2
1168,2,18,0,13,12,2
1169,2,50,0,19,13,2
1170,2,50,0,20,17,2
1171,2,50,0,15,5,2
1172,2,18,0,18,19,2
1173,2,50,0,18,6,2
1174,2,50,0,11,8,2
1175,2,18,0,14,6,2
1176,2,23,0,11,4,2
1177,2,50,0,13,11,2
1178,2,18,0,18,15,2
1179,2,18,0,16,19,2
1180,2,50,0,19,12,2
1181,2,23,0,19,18,2
1182,2,50,0,15,15,2
1183,2,23,0,16,12,2
1184,2,50,0,11,16,2
1185,2,50,0,11,8,2
1186,2,50,0,17,1,2
1187,2,50,0,19,17,2
1188,2,23,0,15,15,2
1189,2,50,0,12,2,2
1190,2,50,0,11,6,2
1191,2,18,0,20,3,2
1192,2,23,0,18,5,2
1193,2,23,0,21,12,2
1194,2,50,0,21,15,2
1195,2,50,0,17,0,2
1196,2,18,0,11,10,2
1197,2,18,0,16,19,2
1198,2,23,0,17,18,2
1199,2,50,0,11,0,2
1200,25,3,1,24,3,2
1201,25,3,1,5,2,2
1202,52,3,1,19,4,2
1203,90,3,1,4,3,2
1204,90,3,1,1,3,2
1205,52,3,1,14,0,2
1206,90,3,1,24,5,2
1207,25,3,1,19,0,2
1208,25,3,1,1,1,2
1209,90,3,1,5,1,2
1210,90,3,1,13,3,2
1211,52,3,1,18,2,2
1212,25,3,1,5,2,2
1213,52,3,1,0,4,2
1214,52,3,1,2,3,2
1215,52,3,1,8,0,2
1216,90,3,1,1,3,2
1217,90,3,1,24,0,2
1218,52,3,1,10,1,2
1219,90,3,1,18,3,2
1220,90,3,1,10,4,2
1221,52,3,1,12,2,2
1222,90,3,1,10,4,2
1223,90,3,1,6,0,2
1224,90,3,1,20,2,2
1225,90,3,1,16,0,2
1226,25,3,1,1,3,2
1227,90,3,1,24,5,2
1228,25,3,1,1,5,2
1229,52,3,1,22,5,2
1230,90,3,1,0,2,2
1231,90,3,1,7,5,2
1232,52,3,1,18,3,2
1233,52,3,1,21,4,2
1234,25,3,1,8,5,2
1235,25,3,1,4,4,2
1236,90,3,1,3,5,2
1237,25,3,1,2,1,2
1238,52,3,1,11,2,2
1239,90,3,1,1,5,2
1240,25,3,1,18,1,2
1241,52,3,1,19,1,2
1242,25,3,1,1,5,2
1243,52,3,1,10,1,2
1244,90,3,1,7,4,2
1245,52,3,1,8,2,2
1246,90,3,1,12,5,2
1247,90,3,1,24,0,2
1248,25,3,1,3,5,2
1249,52,3,1,11,0,2
1250,52,3,1,18,3,2
1251,90,3,1,17,3,2
1252,25,3,1,5,0,2
1253,25,3,1,16,5,2
1254,25,3,1,18,2,2
1255,90,3,1,0,2,2
1256,25,3,1,11,1,2
1257,25,3,1,22,3,2
1258,90,3,1,23,0,2
1259,52,3,1,13,5,2
1260,52,3,1,22,3,2
1261,90,3,1,1,5,2
1262,90,3,1,11,2,2
1263,52,3,1,20,2,2
1264,90,3,1,3,4,2
1265,90,3,1,5,5,2
1266,52,3,1,21,3,2
1267,25,3,1,10,2,2
1268,25,3,1,6,4,2
1269,90,3,1,3,3,2
1270,25,3,1,3,3,2
1271,25,3,1,17,3,2
1272,52,3,1,4,4,2
1273,90,3,1,23,3,2
1274,25,3,1,20,5,2
1275,25,3,1,9,1,2
1276,90,3,1,16,4,2
1277,90,3,1,20,1,2
1278,90,3,1,16,0,2
1279,52,3,1,17,1,2
1280,52,3,1,13,1,2
1281,52,3,1,2,2,2
1282,90,3,1,2,2,2
1283,25,3,1,6,1,2
1284,90,3,1,24,2,2
1285,25,3,1,20,4,2
1286,25,3,1,12,3,2
1287,90,3,1,9,1,2
1288,25,3,1,12,4,2
1289,90,3,1,5,1,2
1290,52,3,1,22,0,2
1291,52,3,1,11,2,2
1292,90,3,1,24,4,2
1293,52,3,1,2,3,2
1294,52,3,1,11,0,2
1295,90,3,1,21,3,2
1296,25,3,1,3,1,2
1297,90,3,1,17,4,2
1298,25,3,1,17,1,2
1299,90,3,1,13,4,2
1300,90,3,1,10,2,2
1301,52,3,1,0,3,2
1302,25,3,1,1,2,2
1303,52,3,1,4,4,2
1304,52,3,1,11,5,2
1305,52,3,1,24,1,2
1306,90,3,1,21,3,2
1307,52,3,1,22,0,2
1308,90,3,1,15,5,2
1309,25,3,1,16,5,2
1310,52,3,1,5,1,2
1311,90,3,1,1,5,2
1312,52,3,1,17,1,2
1313,25,3,1,16,0,2
1314,25,3,1,13,5,2
1315,90,3,1,3,1,2
1316,25,3,1,18,1,2
1317,25,3,1,15,1,2
1318,90,3,1,4,0,2
1319,25,3,1,22,4,2
1320,52,3,1,16,5,2
1321,25,3,1,16,0,2
1322,25,3,1,12,0,2
1323,90,3,1,13,0,2
1324,90,3,1,4,1,2
1325,52,3,1,20,3,2
1326,52,3,1,1,5,2
1327,52,3,1,19,5,2
1328,25,3,1,14,0,2
1329,52,3,1,23,1,2
1330,25,3,1,15,3,2
1331,90,3,1,10,4,2
1332,90,3,1,12,0,2
1333,52,3,1,6,0,2
1334,25,3,1,20,2,2
1335,25,3,1,11,4,2
1336,52,3,1,1,2,2
1337,52,3,1,10,4,2
1338,90,3,1,6,5,2
1339,90,3,1,1,2,2
1340,90,3,1,2,1,2
1341,52,3,1,16,1,2
1342,25,3,1,5,2,2
1343,52,3,1,13,5,2
1344,25,3,1,19,4,2
1345,25,3,1,21,0,2
1346,90,3,1,15,5,2
1347,90,3,1,13,0,2
1348,25,3,1,12,2,2
1349,90,3,1,22,4,2
1350,52,3,1,16,3,2
1351,25,3,1,19,0,2
1352,90,3,1,3,4,2
1353,52,3,1,5,2,2
1354,52,3,1,4,0,2
1355,90,3,1,20,4,2
1356,25,3,1,15,2,2
1357,90,3,1,8,2,2
1358,90,3,1,2,4,2
1359,52,3,1,12,5,2
1360,52,3,1,12,2,2
1361,90,3,1,18,5,2
1362,25,3,1,23,3,2
1363,25,3,1,24,0,2
1364,90,3,1,21,5,2
1365,90,3,1,21,1,2
1366,25,3,1,15,0,2
1367,52,3,1,4,3,2
1368,25,3,1,5,5,2
1369,52,3,1,2,4,2
1370,90,3,1,12,2,2
1371,52,3,1,10,1,2
1372,25,3,1,3,0,2
1373,25,3,1,22,1,2
1374,90,3,1,7,5,2
1375,52,3,1,14,2,2
1376,25,3,1,19,0,2
1377,90,3,1,20,0,2
1378,90,3,1,6,0,2
1379,90,3,1,14,1,2
1380,90,3,1,5,2,2
1381,52,3,1,15,0,2
1382,90,3,1,10,5,2
1383,25,3,1,17,3,2
1384,52,3,1,23,0,2
1385,25,3,1,24,4,2
1386,90,3,1,21,4,2
1387,25,3,1,17,3,2
1388,90,3,1,20,4,2
1389,90,3,1,18,5,2
1390,90,3,1,9,5,2
1391,90,3,1,14,0,2
1392,25,3,1,24,0,2
1393,90,3,1,9,4,2
1394,52,3,1,3,3,2
1395,52,3,1,5,2,2
1396,52,3,1,23,4,2
1397,25,3,1,10,5,2
1398,25,3,1,12,5,2
1399,25,3,1,13,5,2
1400,3,17,0,15,18,2
1401,3,17,0,20,10,2
1402,3,67,0,21,5,2
1403,3,66,0,16,0,2
1404,3,67,0,21,15,2
1405,3,66,0,20,12,2
1406,3,67,0,15,15,2
1407,3,66,0,18,0,2
1408,3,17,0,15,19,2
1409,3,17,0,18,0,2
1410,3,17,0,18,12,2
1411,3,66,0,15,18,2
1412,3,17,0,16,4,2
1413,3,17,0,18,5,2
1414,3,67,0,12,3,2
1415,3,67,0,11,7,2
1416,3,66,0,12,4,2
1417,3,17,0,12,8,2
1418,3,66,0,16,9,2
1419,3,67,0,16,9,2
1420,3,67,0,16,13,2
1421,3,17,0,15,3,2
1422,3,66,0,18,17,2
1423,3,66,0,12,18,2
1424,3,67,0,14,15,2
1425,3,17,0,16,8,2
1426,3,17,0,14,9,2
1427,3,66,0,18,1,2
1428,3,66,0,13,7,2
1429,3,67,0,18,2,2
1430,3,66,0,17,11,2
1431,3,66,0,12,12,2
1432,3,66,0,17,7,2
1433,3,66,0,15,3,2
1434,3,66,0,16,18,2
1435,3,67,0,15,14,2
1436,3,17,0,21,6,2
1437,3,66,0,20,4,2
1438,3,66,0,11,5,2
1439,3,67,0,12,15,2
1440,3,66,0,19,2,2
1441,3,17,0,20,17,2
1442,3,67,0,21,7,2
1443,3,67,0,11,19,2
1444,3,66,0,17,10,2
1445,3,67,0,12,4,2
1446,3,67,0,20,4,2
1447,3,66,0,20,14,2
1448,3,17,0,16,15,2
1449,3,67,0,16,15,2
1450,3,66,0,12,7,2
1451,3,67,0,18,13,2
1452,3,17,0,19,6,2
1453,3,17,0,21,19,2
1454,3,17,0,11,9,2
1455,3,17,0,20,0,2
1456,3,66,0,14,4,2
1457,3,66,0,14,10,2
1458,3,66,0,11,2,2
1459,3,66,0,16,2,2
1460,3,66,0,19,4,2
1461,3,66,0,15,13,2
1462,3,17,0,11,17,2
1463,3,17,0,18,6,2
1464,3,67,0,17,11,2
1465,3,67,0,11,19,2
1466,3,67,0,20,1,2
1467,3,17,0,21,6,2
1468,3,17,0,17,8,2
1469,3,66,0,15,8,2
1470,3,66,0,21,0,2
1471,3,66,0,13,10,2
1472,3,67,0,20,13,2
1473,3,66,0,15,9,2
1474,3,66,0,15,15,2
1475,3,66,0,11,16,2
1476,3,66,0,16,18,2
1477,3,66,0,14,7,2
1478,3,66,0,21,11,2
1479,3,67,0,14,4,2
1480,3,67,0,20,2,2
1481,3,17,0,14,15,2
1482,3,17,0,21,9,2
1483,3,17,0,11,0,2
1484,3,67,0,19,2,2
1485,3,17,0,12,0,2
1486,3,66,0,20,13,2
1487,3,17,0,15,10,2
1488,3,17,0,15,3,2
1489,3,66,0,14,5,2
1490,3,17,0,11,8,2
1491,3,66,0,18,0,2
1492,3,66,0,13,7,2
1493,3,67,0,21,1,2
1494,3,17,0,14,14,2
1495,3,66,0,11,16,2
1496,3,66,0,17,15,2
1497,3,17,0,12,3,2
1498,3,67,0,16,0,2
1499,3,67,0,12,4,2
1500,3,66,0,17,18,2
1501,3,67,0,20,17,2
1502,3,17,0,12,4,2
1503,3,17,0,14,17,2
1504,3,66,0,11,1,2
1505,3,17,0,17,9,2
1506,3,66,0,13,4,2
1507,3,67,0,15,12,2
1508,3,67,0,21,11,2
1509,3,17,0,18,8,2
1510,3,17,0,15,9,2
1511,3,66,0,11,17,2
1512,3,67,0,21,12,2
1513,3,17,0,14,4,2
1514,3,67,0,17,6,2
1515,3,17,0,12,14,2
1516,3,17,0,17,17,2
1517,3,66,0,16,16,2
1518,3,66,0,21,4,2
1519,3,67,0,20,16,2
1520,3,17,0,16,7,2
1521,3,17,0,18,17,2
1522,3,66,0,18,14,2
1523,3,17,0,20,17,2
1524,3,17,0,12,2,2
1525,3,67,0,12,1,2
1526,3,66,0,16,19,2
1527,3,17,0,15,18,2
1528,3,17,0,16,1,2
1529,3,67,0,11,11,2
1530,3,17,0,20,11,2
1531,3,66,0,12,0,2
1532,3,67,0,17,6,2
1533,3,66,0,21,8,2
1534,3,67,0,12,18,2
1535,3,67,0,19,10,2
1536,3,66,0,14,1,2
1537,3,66,0,11,13,2
1538,3,17,0,18,7,2
1539,3,17,0,14,16,2
1540,3,67,0,21,2,2
1541,3,17,0,15,3,2
1542,3,17,0,11,3,2
1543,3,67,0,11,4,2
1544,3,67,0,16,13,2
1545,3,17,0,11,14,2
1546,3,67,0,11,19,2
1547,3,66,0,18,6,2
1548,3,17,0,17,7,2
1549,3,17,0,21,18,2
1550,3,67,0,19,5,2
1551,3,67,0,11,10,2
1552,3,17,0,16,19,2
1553,3,66,0,17,9,2
1554,3,66,0,14,18,2
1555,3,67,0,14,15,2
1556,3,67,0,16,0,2
1557,3,67,0,18,6,2
1558,3,67,0,16,7,2
1559,3,67,0,20,11,2
1560,3,66,0,21,17,2
1561,3,67,0,19,7,2
1562,3,17,0,14,5,2
1563,3,66,0,17,1,2
1564,3,67,0,12,11,2
1565,3,66,0,14,1,2
1566,3,66,0,17,7,2
1567,3,67,0,12,9,2
1568,3,66,0,19,18,2
1569,3,67,0,17,18,2
1570,3,66,0,21,1,2
1571,3,66,0,14,7,2
1572,3,17,0,14,13,2
1573,3,66,0,14,9,2
1574,3,17,0,12,10,2
1575,3,17,0,16,14,2
1576,3,67,0,13,3,2
1577,3,66,0,13,15,2
1578,3,17,0,17,7,2
1579,3,66,0,20,17,2
1580,3,17,0,11,10,2
1581,3,66,0,21,18,2
1582,3,67,0,14,16,2
1583,3,66,0,14,12,2
1584,3,66,0,20,17,2
1585,3,66,0,21,16,2
1586,3,17,0,17,7,2
1587,3,17,0,19,1,2
1588,3,17,0,12,6,2
1589,3,66,0,19,19,2
1590,3,17,0,14,17,2
1591,3,17,0,13,17,2
1592,3,67,0,20,5,2
1593,3,67,0,13,5,2
1594,3,66,0,20,11,2
1595,3,17,0,13,13,2
1596,3,17,0,16,19,2
1597,3,17,0,20,18,2
1598,3,67,0,20,9,2
1599,3,66,0,14,12,2
1600,32,4,1,16,0,2
1601,7,4,1,1,5,2
1602,6,4,1,4,1,2
1603,7,4,1,24,3,2
1604,32,4,1,20,5,2
1605,6,4,1,18,2,2
1606,7,4,1,0,3,2
1607,6,4,1,9,2,2
1608,32,4,1,17,0,2
1609,32,4,1,7,1,2
1610,32,4,1,6,2,2
1611,32,4,1,13,2,2
1612,32,4,1,22,0,2
1613,6,4,1,18,4,2
1614,32,4,1,2,4,2
1615,6,4,1,5,0,2
1616,6,4,1,3,5,2
1617,32,4,1,7,5,2
1618,6,4,1,19,5,2
1619,6,4,1,7,0,2
1620,7,4,1,20,0,2
1621,7,4,1,17,4,2
1622,7,4,1,19,2,2
1623,6,4,1,3,2,2
1624,6,4,1,12,4,2
1625,7,4,1,5,0,2
1626,7,4,1,15,0,2
1627,7,4,1,10,5,2
1628,32,4,1,2,1,2
1629,32,4,1,7,2,2
1630,32,4,1,6,1,2
1631,7,4,1,22,1,2
1632,6,4,1,3,3,2
1633,32,4,1,3,2,2
1634,7,4,1,17,3,2
1635,6,4,1,15,5,2
1636,32,4,1,3,5,2
1637,7,4,1,6,1,2
1638,32,4,1,8,0,2
1639,7,4,1,17,4,2
1640,32,4,1,10,0,2
1641,7,4,1,6,0,2
1642,32,4,1,9,0,2
1643,7,4,1,9,4,2
1644,7,4,1,13,5,2
1645,32,4,1,11,3,2
1646,7,4,1,23,4,2
1647,7,4,1,23,4,2
1648,32,4,1,3,2,2
1649,6,4,1,12,1,2
1650,6,4,1,10,4,2
1651,32,4,1,14,2,2
1652,6,4,1,5,2,2
1653,6,4,1,17,1,2
1654,32,4,1,1,1,2
1655,6,4,1,6,4,2
1656,6,4,1,21,1,2
1657,32,4,1,10,0,2
1658,32,4,1,8,5,2
1659,7,4,1,12,2,2
1660,7,4,1,22,4,2
1661,32,4,1,16,1,2
1662,7,4,1,18,3,2
1663,6,4,1,8,1,2
1664,6,4,1,11,2,2
1665,6,4,1,18,2,2
1666,7,4,1,9,5,2
1667,32,4,1,15,3,2
1668,7,4,1,24,1,2
1669,32,4,1,3,1,2
1670,7,4,1,6,1,2
1671,6,4,1,7,3,2
1672,32,4,1,23,2,2
1673,32,4,1,17,3,2
1674,6,4,1,12,2,2
1675,6,4,1,12,3,2
1676,7,4,1,22,1,2
1677,6,4,1,3,4,2
1678,6,4,1,16,1,2
1679,6,4,1,4,3,2
1680,7,4,1,24,1,2
1681,32,4,1,13,5,2
1682,32,4,1,8,4,2
1683,6,4,1,1,0,2
1684,32,4,1,20,2,2
1685,32,4,1,12,3,2
1686,6,4,1,1,5,2
1687,7,4,1,1,3,2
1688,32,4,1,0,1,2
1689,6,4,1,8,4,2
1690,6,4,1,10,3,2
1691,7,4,1,15,3,2
1692,7,4,1,21,0,2
1693,6,4,1,3,4,2
1694,6,4,1,15,4,2
1695,7,4,1,6,2,2
1696,32,4,1,13,3,2
1697,7,4,1,9,0,2
1698,7,4,1,14,3,2
1699,7,4,1,1,3,2
1700,7,4,1,0,0,2
1701,7,4,1,12,5,2
1702,6,4,1,15,4,2
1703,6,4,1,6,0,2
1704,6,4,1,6,1,2
1705,7,4,1,24,4,2
1706,7,4,1,12,0,2
1707,32,4,1,5,2,2
1708,6,4,1,6,3,2
1709,6,4,1,4,3,2
1710,32,4,1,15,3,2
1711,32,4,1,9,4,2
1712,6,4,1,18,0,2
1713,32,4,1,7,4,2
1714,7,4,1,11,2,2
1715,6,4,1,17,1,2
1716,6,4,1,21,0,2
1717,32,4,1,0,4,2
1718,32,4,1,9,4,2
1719,32,4,1,9,4,2
1720,6,4,1,5,0,2
1721,7,4,1,11,5,2
1722,32,4,1,17,5,2
1723,6,4,1,19,4,2
1724,6,4,1,0,3,2
1725,7,4,1,0,0,2
1726,32,4,1,4,1,2
1727,32,4,1,10,5,2
1728,6,4,1,2,3,2
1729,7,4,1,6,2,2
1730,7,4,1,15,4,2
1731,7,4,1,1,0,2
1732,32,4,1,9,0,2
1733,6,4,1,16,2,2
1734,32,4,1,24,4,2
1735,7,4,1,8,5,2
1736,6,4,1,13,5,2
1737,32,4,1,24,3,2
1738,32,4,1,15,2,2
1739,7,4,1,19,5,2
1740,6,4,1,17,4,2
1741,7,4,1,19,5,2
1742,6,4,1,24,0,2
1743,7,4,1,14,4,2
1744,6,4,1,11,3,2
1745,32,4,1,21,1,2
1746,32,4,1,4,4,2
1747,7,4,1,23,4,2
1748,7,4,1,23,3,2
1749,7,4,1,21,2,2
1750,32,4,1,10,0,2
1751,6,4,1,15,5,2
1752,6,4,1,4,4,2
1753,32,4,1,21,4,2
1754,6,4,1,9,2,2
1755,7,4,1,2,3,2
1756,6,4,1,1,5,2
1757,32,4,1,4,5,2
1758,7,4,1,15,0,2
1759,7,4,1,8,4,2
1760,32,4,1,9,3,2
1761,32,4,1,4,4,2
1762,7,4,1,21,4,2
1763,6,4,1,15,4,2
1764,32,4,1,7,5,2
1765,32,4,1,7,2,2
1766,32,4,1,8,0,2
1767,7,4,1,20,1,2
1768,7,4,1,10,1,2
1769,32,4,1,18,0,2
1770,7,4,1,17,0,2
1771,7,4,1,18,2,2
1772,7,4,1,21,2,2
1773,7,4,1,12,3,2
1774,7,4,1,5,1,2
1775,7,4,1,0,4,2
1776,7,4,1,10,4,2
1777,7,4,1,8,1,2
1778,6,4,1,5,0,2
1779,7,4,1,13,5,2
1780,7,4,1,18,2,2
1781,7,4,1,12,0,2
1782,6,4,1,13,4,2
1783,6,4,1,7,0,2
1784,7,4,1,15,3,2
1785,32,4,1,4,4,2
1786,7,4,1,6,2,2
1787,32,4,1,1,4,2
1788,32,4,1,24,4,2
1789,6,4,1,24,1,2
1790,7,4,1,18,3,2
1791,6,4,1,2,3,2
1792,32,4,1,16,2,2
1793,6,4,1,6,1,2
1794,6,4,1,10,1,2
1795,32,4,1,0,1,2
1796,32,4,1,17,2,2
1797,6,4,1,5,1,2
1798,7,4,1,3,3,2
1799,6,4,1,21,1,2
1800,4,18,0,14,3,2
1801,4,53,0,19,8,2
1802,4,53,0,14,4,2
1803,4,53,0,19,19,2
1804,4,53,0,11,4,2
1805,4,79,0,16,15,2
1806,4,79,0,19,5,2
1807,4,18,0,13,11,2
1808,4,18,0,19,8,2
1809,4,18,0,16,9,2
1810,4,79,0,15,6,2
1811,4,53,0,13,14,2
1812,4,53,0,11,12,2
1813,4,79,0,20,18,2
1814,4,79,0,15,10,2
1815,4,53,0,14,15,2
1816,4,18,0,14,14,2
1817,4,18,0,16,7,2
1818,4,79,0,19,17,2
1819,4,53,0,16,12,2
1820,4,53,0,13,13,2
1821,4,53,0,19,19,2
1822,4,79,0,19,19,2
1823,4,53,0,17,10,2
1824,4,18,0,12,11,2
1825,4,53,0,20,18,2
1826,4,53,0,17,9,2
1827,4,53,0,16,2,2
1828,4,53,0,15,4,2
1829,4,53,0,13,6,2
1830,4,79,0,21,3,2
1831,4,18,0,20,18,2
1832,4,53,0,12,11,2
1833,4,79,0,18,11,2
1834,4,18,0,16,8,2
1835,4,53,0,13,18,2
1836,4,18,0,18,1,2
1837,4,79,0,15,14,2
1838,4,79,0,20,13,2
1839,4,79,0,14,6,2
1840,4,18,0,16,2,2
1841,4,79,0,20,13,2
1842,4,79,0,16,7,2
1843,4,53,0,14,8,2
1844,4,79,0,17,3,2
1845,4,53,0,21,4,2
1846,4,18,0,11,9,2
1847,4,53,0,20,12,2
1848,4,18,0,16,3,2
1849,4,79,0,20,11,2
1850,4,53,0,17,7,2
1851,4,18,0,11,17,2
1852,4,18,0,17,17,2
1853,4,53,0,20,18,2
1854,4,79,0,11,14,2
1855,4,18,0,14,14,2
1856,4,18,0,18,7,2
1857,4,79,0,17,19,2
1858,4,79,0,21,8,2
1859,4,79,0,16,13,2
1860,4,18,0,20,14,2
1861,4,53,0,16,5,2
1862,4,18,0,16,12,2
1863,4,53,0,14,16,2
1864,4,53,0,14,0,2
1865,4,79,0,18,11,2
1866,4,79,0,14,0,2
1867,4,18,0,14,6,2
1868,4,79,0,11,13,2
1869,4,18,0,13,18,2
1870,4,79,0,17,0,2
1871,4,53,0,16,9,2
1872,4,18,0,13,7,2
1873,4,53,0,11,9,2
1874,4,53,0,13,14,2
1875,4,18,0,11,5,2
1876,4,18,0,17,9,2
1877,4,79,0,14,3,2
1878,4,79,0,17,13,2
1879,4,53,0,16,4,2
1880,4,18,0,18,17,2
1881,4,18,0,13,6,2
1882,4,18,0,13,0,2
1883,4,18,0,12,16,2
1884,4,79,0,21,15,2
1885,4,18,0,11,7,2
1886,4,79,0,19,17,2
1887,4,18,0,11,10,2
1888,4,18,0,11,19,2
1889,4,18,0,11,17,2
1890,4,79,0,18,16,2
1891,4,79,0,18,14,2
1892,4,18,0,13,7,2
1893,4,53,0,20,14,2
1894,4,53,0,12,19,2
1895,4,79,0,20,11,2
1896,4,18,0,18,19,2
1897,4,53,0,14,10,2
1898,4,79,0,18,2,2
1899,4,18,0,19,14,2
1900,4,18,0,20,11,2
1901,4,53,0,18,14,2
1902,4,79,0,13,16,2
1903,4,18,0,12,3,2
1904,4,53,0,15,8,2
1905,4,79,0,19,15,2
1906,4,53,0,13,11,2
1907,4,18,0,16,15,2
1908,4,18,0,11,15,2
1909,4,79,0,15,18,2
1910,4,79,0,16,9,2
1911,4,53,0,16,15,2
1912,4,18,0,15,14,2
1913,4,53,0,14,9,2
1914,4,18,0,14,16,2
1915,4,53,0,21,12,2
1916,4,18,0,11,2,2
1917,4,79,0,11,8,2
1918,4,79,0,14,15,2
1919,4,18,0,15,2,2
1920,4,53,0,17,9,2
1921,4,53,0,15,0,2
1922,4,53,0,17,0,2
1923,4,53,0,12,10,2
1924,4,18,0,12,5,2
1925,4,79,0,19,11,2
1926,4,18,0,11,16,2
1927,4,79,0,13,3,2
1928,4,18,0,21,18,2
1929,4,18,0,15,17,2
1930,4,53,0,16,9,2
1931,4,79,0,11,11,2
1932,4,53,0,14,8,2
1933,4,18,0,19,11,2
1934,4,79,0,13,19,2
1935,4,18,0,11,6,2
1936,4,18,0,13,15,2
1937,4,53,0,21,6,2
1938,4,53,0,11,7,2
1939,4,18,0,13,12,2
1940,4,53,0,18,7,2
1941,4,79,0,14,18,2
1942,4,53,0,21,1,2
1943,4,53,0,11,16,2
1944,4,18,0,13,13,2
1945,4,18,0,18,3,2
1946,4,18,0,12,8,2
1947,4,53,0,16,0,2
1948,4,53,0,16,12,2
1949,4,79,0,13,17,2
1950,4,53,0,21,17,2
1951,4,53,0,14,14,2
1952,4,53,0,18,11,2
1953,4,18,0,17,1,2
1954,4,18,0,13,16,2
1955,4,79,0,14,7,2
1956,4,53,0,14,0,2
1957,4,79,0,15,2,2
1958,4,53,0,12,16,2
1959,4,53,0,21,8,2
1960,4,18,0,13,6,2
1961,4,18,0,15,11,2
1962,4,79,0,11,7,2
1963,4,79,0,20,5,2
1964,4,18,0,11,5,2
1965,4,53,0,13,1,2
1966,4,18,0,11,7,2
1967,4,53,0,12,0,2
1968,4,53,0,15,2,2
1969,4,53,0,21,14,2
1970,4,79,0,17,11,2
1971,4,53,0,16,13,2
1972,4,53,0,17,9,2
1973,4,53,0,17,6,2
1974,4,79,0,16,2,2
1975,4,53,0,16,7,2
1976,4,79,0,11,18,2
1977,4,18,0,18,2,2
1978,4,18,0,21,10,2
1979,4,79,0,11,8,2
1980,4,18,0,14,10,2
1981,4,53,0,12,4,2
1982,4,18,0,16,14,2
1983,4,18,0,11,9,2
1984,4,18,0,21,2,2
1985,4,53,0,18,4,2
1986,4,79,0,12,2,2
1987,4,53,0,11,2,2
1988,4,79,0,16,7,2
1989,4,53,0,12,3,2
1990,4,79,0,14,14,2
1991,4,79,0,16,14,2
1992,4,79,0,12,16,2
1993,4,18,0,15,16,2
1994,4,79,0,15,11,2
1995,4,18,0,20,1,2
1996,4,53,0,18,14,2
1997,4,53,0,20,17,2
1998,4,18,0,12,9,2
1999,4,79,0,21,15,2
2000,47,5,1,13,0,2
2001,16,5,1,22,1,2
2002,33,5,1,20,3,2
2003,47,5,1,1,3,2
2004,16,5,1,1,5,2
2005,47,5,1,21,1,2
2006,33,5,1,4,4,2
2007,16,5,1,15,3,2
2008,47,5,1,20,1,2
2009,16,5,1,7,4,2
2010,47,5,1,10,2,2
2011,33,5,1,23,1,2
2012,47,5,1,15,3,2
2013,47,5,1,1,2,2
2014,16,5,1,23,3,2
2015,33,5,1,12,5,2
2016,33,5,1,16,4,2
2017,47,5,1,17,4,2
2018,33,5,1,0,2,2
2019,16,5,1,2,5,2
2020,16,5,1,1,0,2
2021,33,5,1,1,5,2
2022,33,5,1,0,2,2
2023,33,5,1,24,2,2
2024,16,5,1,13,0,2
2025,16,5,1,13,1,2
2026,33,5,1,8,0,2
2027,33,5,1,13,0,2
2028,16,5,1,0,4,2
2029,47,5,1,6,0,2
2030,16,5,1,11,0,2
2031,47,5,1,3,4,2
2032,16,5,1,2,5,2
2033,16,5,1,18,1,2
2034,33,5,1,23,4,2
2035,16,5,1,11,2,2
2036,47,5,1,9,3,2
2037,47,5,1,1,4,2
2038,33,5,1,9,5,2
2039,16,5,1,3,0,2
2040,47,5,1,3,1,2
2041,33,5,1,7,2,2
2042,33,5,1,2,2,2
2043,16,5,1,12,0,2
2044,33,5,1,16,4,2
2045,16,5,1,12,0,2
2046,47,5,1,3,5,2
2047,16,5,1,18,3,2
2048,33,5,1,6,5,2
2049,47,5,1,2,4,2
2050,33,5,1,7,0,2
2051,47,5,1,11,2,2
2052,47,5,1,15,5,2
2053,16,5,1,13,1,2
2054,16,5,1,18,2,2
2055,47,5,1,1,5,2
2056,16,5,1,16,3,2
2057,16,5,1,12,5,2
2058,33,5,1,1,3,2
2059,47,5,1,15,5,2
2060,16,5,1,16,2,2
2061,16,5,1,4,5,2
2062,33,5,1,6,2,2
2063,16,5,1,21,5,2
2064,33,5,1,4,4,2
2065,16,5,1,8,4,2
2066,33,5,1,22,5,2
2067,47,5,1,8,2,2
2068,47,5,1,17,0,2
2069,16,5,1,1,4,2
2070,33,5,1,13,3,2
2071,16,5,1,7,5,2
2072,16,5,1,7,2,2
2073,33,5,1,10,4,2
2074,47,5,1,20,2,2
2075,33,5,1,1,2,2
2076,47,5,1,12,3,2
2077,16,5,1,3,0,2
2078,47,5,1,9,1,2
2079,47,5,1,17,5,2
2080,33,5,1,22,0,2
2081,33,5,1,20,1,2
2082,47,5,1,24,5,2
2083,16,5,1,5,0,2
2084,33,5,1,21,2,2
2085,47,5,1,10,0,2
2086,47,5,1,1,0,2
2087,33,5,1,16,1,2
2088,33,5,1,3,1,2
2089,16,5,1,21,2,2
2090,16,5,1,5,3,2
2091,16,5,1,16,1,2
2092,47,5,1,2,1,2
2093,47,5,1,24,2,2
2094,47,5,1,18,3,2
2095,16,5,1,18,3,2
2096,47,5,1,2,3,2
2097,16,5,1,24,4,2
2098,16,5,1,5,2,2
2099,16,5,1,1,4,2
2100,33,5,1,15,0,2
2101,47,5,1,15,1,2
2102,47,5,1,16,5,2
2103,33,5,1,17,2,2
2104,16,5,1,20,3,2
2105,16,5,1,3,3,2
2106,47,5,1,17,2,2
2107,33,5,1,1,1,2
2108,47,5,1,1,5,2
2109,47,5,1,22,0,2
2110,16,5,1,8,4,2
2111,33,5,1,9,3,2
2112,47,5,1,18,4,2
2113,47,5,1,13,2,2
2114,33,5,1,2,4,2
2115,47,5,1,20,0,2
2116,16,5,1,19,3,2
2117,47,5,1,11,0,2
2118,47,5,1,22,2,2
2119,33,5,1,18,5,2
2120,33,5,1,4,1,2
2121,47,5,1,13,1,2
2122,33,5,1,10,0,2
2123,16,5,1,21,1,2
2124,33,5,1,16,0,2
2125,16,5,1,16,5,2
2126,16,5,1,23,1,2
2127,33,5,1,22,3,2
2128,33,5,1,4,0,2
2129,47,5,1,1,2,2
2130,33,5,1,23,0,2
2131,16,5,1,5,5,2
2132,47,5,1,18,1,2
2133,33,5,1,14,1,2
2134,33,5,1,3,3,2
2135,47,5,1,18,0,2
2136,47,5,1,16,4,2
2137,47,5,1,13,2,2
2138,47,5,1,1,5,2
2139,16,5,1,1,3,2
2140,16,5,1,18,1,2
2141,33,5,1,9,1,2
2142,33,5,1,2,2,2
2143,47,5,1,1,1,2
2144,16,5,1,4,4,2
2145,47,5,1,4,5,2
2146,16,5,1,1,3,2
2147,16,5,1,1,3,2
2148,47,5,1,15,3,2
2149,47,5,1,10,5,2
2150,47,5,1,24,1,2
2151,47,5,1,24,3,2
2152,33,5,1,22,0,2
2153,16,5,1,9,4,2
2154,33,5,1,9,4,2
2155,33,5,1,17,3,2
2156,47,5,1,15,1,2
2157,33,5,1,16,3,2
2158,16,5,1,7,5,2
2159,47,5,1,10,0,2
2160,33,5,1,19,1,2
2161,16,5,1,2,2,2
2162,47,5,1,18,3,2
2163,47,5,1,15,4,2
2164,47,5,1,13,5,2
2165,47,5,1,19,4,2
2166,16,5,1,18,0,2
2167,47,5,1,20,1,2
2168,16,5,1,7,2,2
2169,47,5,1,19,4,2
2170,47,5,1,12,5,2
2171,16,5,1,5,1,2
2172,33,5,1,12,0,2
2173,47,5,1,13,0,2
2174,16,5,1,17,5,2
2175,47,5,1,19,1,2
2176,16,5,1,1,4,2
2177,16,5,1,24,0,2
2178,33,5,1,21,4,2
2179,33,5,1,13,0,2
2180,16,5,1,5,0,2
2181,47,5,1,21,0,2
2182,33,5,1,6,5,2
2183,16,5,1,16,2,2
2184,33,5,1,8,0,2
2185,16,5,1,20,2,2
2186,16,5,1,24,5,2
2187,33,5,1,14,4,2
2188,47,5,1,10,3,2
2189,33,5,1,10,0,2
2190,16,5,1,14,0,2
2191,16,5,1,24,5,2
2192,16,5,1,0,5,2
2193,16,5,1,23,3,2
2194,16,5,1,0,1,2
2195,47,5,1,7,4,2
2196,16,5,1,4,1,2
2197,47,5,1,5,1,2
2198,47,5,1,5,5,2
2199,16,5,1,3,3,2
2200,5,18,0,12,10,2
2201,5,18,0,18,8,2
2202,5,15,0,11,9,2
2203,5,50,0,13,11,2
2204,5,15,0,15,10,2
2205,5,18,0,16,3,2
2206,5,50,0,20,10,2
2207,5,18,0,19,10,2
2208,5,15,0,12,9,2
2209,5,18,0,11,3,2
2210,5,50,0,15,1,2
2211,5,15,0,20,9,2
2212,5,50,0,21,5,2
2213,5,50,0,16,15,2
2214,5,15,0,16,9,2
2215,5,15,0,16,1,2
2216,5,50,0,21,11,2
2217,5,50,0,12,19,2
2218,5,50,0,21,17,2
2219,5,50,0,12,3,2
2220,5,15,0,13,3,2
2221,5,50,0,17,15,2
2222,5,18,0,14,17,2
2223,5,18,0,13,2,2
2224,5,15,0,15,12,2
2225,5,18,0,11,2,2
2226,5,50,0,12,10,2
2227,5,18,0,14,12,2
2228,5,18,0,15,19,2
2229,5,18,0,12,12,2
2230,5,50,0,20,4,2
2231,5,15,0,21,14,2
2232,5,15,0,13,0,2
2233,5,50,0,20,3,2
2234,5,15,0,21,7,2
2235,5,15,0,16,15,2
2236,5,15,0,11,19,2
2237,5,18,0,11,19,2
2238,5,50,0,21,12,2
2239,5,50,0,14,1,2
2240,5,50,0,17,8,2
2241,5,15,0,11,3,2
2242,5,18,0,14,17,2
2243,5,50,0,19,13,2
2244,5,15,0,19,9,2
2245,5,15,0,21,9,2
2246,5,15,0,20,17,2
2247,5,15,0,17,15,2
2248,5,15,0,12,17,2
2249,5,50,0,18,15,2
2250,5,15,0,20,13,2
2251,5,18,0,13,12,2
2252,5,15,0,14,5,2
2253,5,18,0,19,3,2
2254,5,18,0,17,6,2
2255,5,18,0,14,0,2
2256,5,15,0,20,2,2
2257,5,18,0,17,15,2
2258,5,15,0,11,17,2
2259,5,15,0,19,4,2
2260,5,15,0,16,8,2
2261,5,50,0,15,8,2
2262,5,50,0,14,4,2
2263,5,15,0,12,10,2
2264,5,15,0,12,9,2
2265,5,15,0,12,4,2
2266,5,50,0,12,16,2
2267,5,15,0,13,8,2
2268,5,50,0,12,10,2
2269,5,50,0,19,18,2
2270,5,18,0,20,7,2
2271,5,50,0,17,1,2
2272,5,50,0,12,9,2
2273,5,50,0,17,19,2
2274,5,18,0,16,5,2
2275,5,50,0,13,5,2
2276,5,18,0,11,17,2
2277,5,50,0,12,4,2
2278,5,18,0,12,13,2
2279,5,50,0,13,3,2
2280,5,15,0,11,13,2
2281,5,50,0,19,0,2
2282,5,50,0,16,6,2
2283,5,50,0,12,1,2
2284,5,18,0,20,5,2
2285,5,50,0,21,14,2
2286,5,15,0,16,17,2
2287,5,50,0,12,1,2
2288,5,15,0,19,2,2
2289,5,50,0,19,14,2
2290,5,18,0,15,11,2
2291,5,18,0,18,17,2
2292,5,18,0,12,2,2
2293,5,50,0,20,4,2
2294,5,18,0,15,13,2
2295,5,15,0,11,13,2
2296,5,15,0,16,14,2
2297,5,50,0,17,13,2
2298,5,18,0,19,10,2
2299,5,15,0,12,6,2
2300,5,15,0,17,16,2
2301,5,15,0,18,11,2
2302,5,15,0,14,2,2
2303,5,15,0,11,3,2
2304,5,15,0,13,19,2
2305,5,18,0,14,3,2
2306,5,15,0,13,19,2
2307,5,18,0,15,12,2
2308,5,15,0,17,4,2
2309,5,15,0,11,11,2
2310,5,50,0,14,6,2
2311,5,50,0,21,4,2
2312,5,50,0,14,4,2
2313,5,50,0,18,7,2
2314,5,18,0,14,13,2
2315,5,50,0,18,18,2
2316,5,15,0,17,8,2
2317,5,50,0,20,19,2
2318,5,18,0,14,10,2
2319,5,18,0,12,2,2
2320,5,18,0,14,2,2
2321,5,18,0,18,4,2
2322,5,18,0,15,0,2
2323,5,15,0,16,12,2
2324,5,50,0,19,2,2
2325,5,50,0,11,0,2
2326,5,15,0,16,14,2
2327,5,50,0,12,6,2
2328,5,50,0,16,17,2
2329,5,15,0,19,2,2
2330,5,18,0,20,0,2
2331,5,50,0,15,18,2
2332,5,15,0,15,16,2
2333,5,18,0,21,5,2
2334,5,15,0,17,0,2
2335,5,50,0,13,13,2
2336,5,15,0,21,17,2
2337,5,15,0,14,15,2
2338,5,50,0,15,8,2
2339,5,15,0,17,14,2
2340,5,18,0,14,15,2
2341,5,50,0,18,14,2
2342,5,15,0,15,6,2
2343,5,15,0,15,2,2
2344,5,18,0,13,5,2
2345,5,50,0,17,13,2
2346,5,15,0,11,4,2
2347,5,15,0,13,10,2
2348,5,15,0,15,10,2
2349,5,15,0,12,18,2
2350,5,15,0,16,6,2
2351,5,50,0,12,3,2
2352,5,50,0,20,14,2
2353,5,18,0,15,1,2
2354,5,18,0,15,5,2
2355,5,15,0,21,5,2
2356,5,18,0,15,18,2
2357,5,18,0,20,9,2
2358,5,50,0,13,15,2
2359,5,18,0,14,10,2
2360,5,50,0,15,12,2
2361,5,15,0,14,17,2
2362,5,18,0,16,18,2
2363,5,18,0,20,3,2
2364,5,18,0,18,10,2
2365,5,18,0,11,18,2
2366,5,50,0,12,16,2
2367,5,50,0,12,14,2
2368,5,15,0,18,6,2
2369,5,50,0,13,7,2
2370,5,50,0,19,8,2
2371,5,15,0,20,16,2
2372,5,15,0,15,8,2
2373,5,15,0,14,7,2
2374,5,18,0,12,18,2
2375,5,18,0,21,11,2
2376,5,50,0,19,0,2
2377,5,18,0,20,2,2
2378,5,15,0,13,15,2
2379,5,18,0,11,14,2
2380,5,18,0,20,4,2
2381,5,18,0,16,9,2
2382,5,18,0,13,15,2
2383,5,18,0,12,14,2
2384,5,18,0,11,13,2
2385,5,15,0,11,9,2
2386,5,18,0,12,12,2
2387,5,18,0,15,2,2
2388,5,50,0,17,1,2
2389,5,18,0,21,8,2
2390,5,18,0,20,12,2
2391,5,15,0,12,6,2
2392,5,18,0,21,1,2
2393,5,50,0,15,17,2
2394,5,18,0,14,11,2
2395,5,15,0,14,10,2
2396,5,15,0,11,8,2
2397,5,18,0,17,16,2
2398,5,18,0,15,17,2
2399,5,18,0,12,7,2
2400,40,6,1,2,1,2
2401,34,6,1,9,1,2
2402,34,6,1,18,1,2
2403,34,6,1,10,5,2
2404,40,6,1,3,5,2
2405,54,6,1,19,5,2
2406,34,6,1,14,0,2
2407,40,6,1,7,3,2
2408,54,6,1,7,1,2
2409,34,6,1,3,1,2
2410,54,6,1,22,1,2
2411,34,6,1,21,1,2
2412,54,6,1,24,0,2
2413,40,6,1,22,1,2
2414,40,6,1,4,3,2
2415,40,6,1,9,5,2
2416,34,6,1,3,5,2
2417,34,6,1,20,1,2
2418,40,6,1,22,4,2
2419,34,6,1,5,4,2
2420,40,6,1,22,4,2
2421,34,6,1,24,5,2
2422,40,6,1,19,2,2
2423,54,6,1,9,5,2
2424,40,6,1,1,3,2
2425,54,6,1,11,2,2
2426,54,6,1,21,1,2
2427,40,6,1,1,5,2
2428,54,6,1,21,2,2
2429,34,6,1,19,1,2
2430,40,6,1,5,1,2
2431,34,6,1,18,1,2
2432,54,6,1,2,1,2
2433,40,6,1,14,1,2
2434,40,6,1,19,3,2
2435,54,6,1,10,4,2
2436,34,6,1,9,3,2
2437,54,6,1,10,5,2
2438,34,6,1,10,0,2
2439,34,6,1,8,5,2
2440,40,6,1,3,5,2
2441,34,6,1,14,5,2
2442,40,6,1,5,4,2
2443,34,6,1,14,3,2
2444,40,6,1,21,2,2
2445,34,6,1,18,5,2
2446,54,6,1,13,4,2
2447,54,6,1,7,2,2
2448,54,6,1,13,5,2
2449,54,6,1,2,2,2
2450,40,6,1,15,1,2
2451,34,6,1,21,1,2
2452,34,6,1,9,0,2
2453,40,6,1,10,1,2
2454,40,6,1,0,1,2
2455,40,6,1,3,0,2
2456,34,6,1,0,2,2
2457,40,6,1,9,2,2
2458,40,6,1,22,0,2
2459,34,6,1,11,3,2
2460,34,6,1,23,1,2
2461,40,6,1,8,3,2
2462,54,6,1,9,4,2
2463,40,6,1,23,1,2
2464,34,6,1,22,0,2
2465,40,6,1,13,3,2
2466,54,6,1,9,3,2
2467,54,6,1,14,5,2
2468,40,6,1,12,0,2
2469,34,6,1,14,3,2
2470,34,6,1,8,3,2
2471,34,6,1,15,0,2
2472,34,6,1,7,4,2
2473,54,6,1,14,2,2
2474,54,6,1,2,2,2
2475,34,6,1,23,0,2
2476,54,6,1,0,1,2
2477,34,6,1,2,0,2
2478,34,6,1,16,4,2
2479,54,6,1,22,2,2
2480,34,6,1,5,3,2
2481,54,6,1,21,5,2
2482,40,6,1,5,5,2
2483,34,6,1,16,4,2
2484,40,6,1,1,2,2
2485,54,6,1,1,3,2
2486,40,6,1,14,4,2
2487,40,6,1,3,5,2
2488,54,6,1,20,5,2
2489,54,6,1,14,5,2
2490,54,6,1,21,4,2
2491,34,6,1,12,1,2
2492,40,6,1,10,1,2
2493,34,6,1,12,2,2
2494,54,6,1,2,5,2
2495,54,6,1,14,2,2
2496,40,6,1,21,0,2
2497,40,6,1,7,4,2
2498,34,6,1,10,4,2
2499,34,6,1,10,5,2
2500,54,6,1,7,3,2
2501,54,6,1,18,5,2
2502,54,6,1,15,2,2
2503,40,6,1,3,4,2
2504,34,6,1,4,5,2
2505,40,6,1,24,3,2
2506,34,6,1,12,4,2
2507,54,6,1,7,1,2
2508,54,6,1,15,4,2
2509,34,6,1,24,5,2
2510,34,6,1,4,1,2
2511,40,6,1,18,1,2
2512,54,6,1,12,0,2
2513,54,6,1,24,2,2
2514,34,6,1,17,3,2
2515,54,6,1,21,3,2
2516,40,6,1,17,2,2
2517,40,6,1,14,2,2
2518,40,6,1,18,1,2
2519,54,6,1,18,2,2
2520,40,6,1,0,5,2
2521,34,6,1,22,4,2
2522,34,6,1,20,1,2
2523,40,6,1,19,5,2
2524,40,6,1,0,2,2
2525,54,6,1,5,0,2
2526,40,6,1,18,4,2
2527,54,6,1,14,0,2
2528,40,6,1,21,2,2
2529,54,6,1,17,5,2
2530,54,6,1,21,4,2
2531,34,6,1,24,3,2
2532,40,6,1,15,2,2
2533,54,6,1,6,1,2
2534,34,6,1,12,1,2
2535,54,6,1,24,2,2
2536,40,6,1,1,5,2
2537,34,6,1,6,5,2
2538,54,6,1,17,0,2
2539,34,6,1,11,3,2
2540,40,6,1,5,2,2
2541,40,6,1,1,4,2
2542,40,6,1,21,4,2
2543,34,6,1,12,2,2
2544,40,6,1,5,2,2
2545,34,6,1,19,4,2
2546,34,6,1,12,5,2
2547,54,6,1,5,4,2
2548,54,6,1,0,5,2
2549,40,6,1,24,3,2
2550,34,6,1,18,4,2
2551,40,6,1,10,3,2
2552,40,6,1,12,1,2
2553,34,6,1,7,4,2
2554,40,6,1,18,1,2
2555,34,6,1,9,5,2
2556,54,6,1,1,2,2
2557,54,6,1,0,5,2
2558,40,6,1,2,2,2
2559,34,6,1,0,0,2
2560,34,6,1,18,1,2
2561,34,6,1,17,2,2
2562,40,6,1,21,4,2
2563,54,6,1,19,3,2
2564,40,6,1,11,0,2
2565,40,6,1,13,2,2
2566,54,6,1,13,4,2
2567,40,6,1,2,2,2
2568,40,6,1,1,0,2
2569,54,6,1,0,1,2
2570,54,6,1,4,0,2
2571,54,6,1,18,0,2
2572,54,6,1,16,4,2
2573,34,6,1,24,3,2
2574,40,6,1,13,4,2
2575,54,6,1,13,3,2
2576,34,6,1,19,5,2
2577,40,6,1,3,3,2
2578,40,6,1,23,4,2
2579,34,6,1,10,3,2
2580,34,6,1,14,4,2
2581,40,6,1,6,4,2
2582,54,6,1,24,3,2
2583,34,6,1,5,0,2
2584,54,6,1,4,3,2
2585,54,6,1,13,5,2
2586,34,6,1,19,4,2
2587,40,6,1,18,2,2
2588,54,6,1,3,4,2
2589,34,6,1,14,3,2
2590,54,6,1,24,1,2
2591,40,6,1,8,4,2
2592,34,6,1,16,1,2
2593,54,6,1,12,5,2
2594,54,6,1,19,5,2
2595,54,6,1,16,5,2
2596,54,6,1,0,1,2
2597,54,6,1,21,2,2
2598,34,6,1,1,5,2
2599,34,6,1,10,2,2
2600,6,19,0,21,18,2
2601,6,55,0,15,2,2
2602,6,55,0,14,15,2
2603,6,53,0,20,16,2
2604,6,55,0,19,16,2
2605,6,19,0,17,9,2
2606,6,55,0,19,13,2
2607,6,55,0,16,10,2
2608,6,55,0,16,1,2
2609,6,55,0,18,3,2
2610,6,19,0,16,5,2
2611,6,19,0,14,11,2
2612,6,53,0,17,13,2
2613,6,53,0,13,6,2
2614,6,19,0,17,0,2
2615,6,55,0,16,6,2
2616,6,19,0,13,19,2
2617,6,19,0,19,9,2
2618,6,55,0,17,17,2
2619,6,53,0,12,10,2
2620,6,19,0,17,7,2
2621,6,55,0,16,13,2
2622,6,55,0,14,1,2
2623,6,55,0,21,1,2
2624,6,19,0,19,18,2
2625,6,55,0,14,7,2
2626,6,53,0,21,7,2
2627,6,53,0,16,16,2
2628,6,55,0,18,14,2
2629,6,55,0,20,13,2
2630,6,55,0,15,18,2
2631,6,19,0,19,8,2
2632,6,53,0,16,6,2
2633,6,55,0,14,6,2
2634,6,55,0,18,2,2
2635,6,19,0,16,7,2
2636,6,55,0,21,7,2
2637,6,53,0,15,13,2
2638,6,19,0,14,9,2
2639,6,55,0,20,1,2
2640,6,53,0,16,6,2
2641,6,53,0,14,5,2
2642,6,19,0,12,7,2
2643,6,53,0,14,1,2
2644,6,19,0,19,1,2
2645,6,19,0,16,2,2
2646,6,19,0,15,7,2
2647,6,53,0,15,16,2
2648,6,19,0,18,17,2
2649,6,19,0,20,11,2
2650,6,53,0,19,19,2
2651,6,19,0,12,3,2
2652,6,19,0,18,0,2
2653,6,55,0,12,13,2
2654,6,19,0,15,12,2
2655,6,19,0,20,0,2
2656,6,19,0,19,17,2
2657,6,53,0,15,14,2
2658,6,19,0,11,12,2
2659,6,53,0,18,11,2
2660,6,55,0,17,3,2
2661,6,19,0,18,15,2
2662,6,53,0,12,0,2
2663,6,55,0,20,5,2
2664,6,55,0,14,18,2
2665,6,53,0,15,5,2
2666,6,19,0,15,3,2
2667,6,55,0,15,13,2
2668,6,53,0,17,8,2
2669,6,19,0,14,7,2
2670,6,53,0,20,2,2
2671,6,53,0,21,13,2
2672,6,19,0,12,9,2
2673,6,19,0,13,2,2
2674,6,55,0,13,16,2
2675,6,53,0,17,7,2
2676,6,19,0,12,14,2
2677,6,55,0,21,16,2
2678,6,19,0,11,1,2
2679,6,53,0,19,2,2
2680,6,53,0,18,3,2
2681,6,55,0,21,1,2
2682,6,53,0,18,4,2
2683,6,19,0,12,7,2
2684,6,53,0,20,15,2
2685,6,55,0,18,12,2
2686,6,55,0,17,9,2
2687,6,55,0,21,18,2
2688,6,55,0,11,12,2
2689,6,53,0,20,11,2
2690,6,55,0,18,4,2
2691,6,53,0,12,12,2
2692,6,53,0,14,12,2
2693,6,19,0,21,1,2
2694,6,53,0,19,15,2
2695,6,19,0,11,2,2
2696,6,55,0,14,15,2
2697,6,19,0,19,2,2
2698,6,53,0,13,9,2
2699,6,53,0,11,7,2
2700,6,55,0,13,14,2
2701,6,19,0,19,10,2
2702,6,55,0,13,4,2
2703,6,53,0,11,19,2
2704,6,53,0,14,5,2
2705,6,19,0,15,7,2
2706,6,55,0,18,16,2
2707,6,55,0,21,15,2
2708,6,53,0,17,13,2
2709,6,19,0,17,8,2
2710,6,19,0,20,15,2
2711,6,19,0,18,13,2
2712,6,55,0,14,9,2
2713,6,53,0,19,18,2
2714,6,19,0,14,6,2
2715,6,55,0,19,19,2
2716,6,55,0,17,17,2
2717,6,19,0,18,13,2
2718,6,55,0,13,19,2
2719,6,55,0,19,16,2
2720,6,55,0,13,11,2
2721,6,55,0,18,0,2
2722,6,55,0,13,17,2
2723,6,53,0,11,15,2
2724,6,19,0,11,3,2
2725,6,19,0,12,2,2
2726,6,19,0,14,5,2
2727,6,53,0,17,6,2
2728,6,19,0,15,11,2
2729,6,53,0,17,16,2
2730,6,19,0,16,12,2
2731,6,55,0,20,1,2
2732,6,55,0,19,19,2
2733,6,19,0,11,6,2
2734,6,53,0,15,11,2
2735,6,19,0,11,17,2
2736,6,55,0,20,4,2
2737,6,53,0,13,10,2
2738,6,55,0,18,18,2
2739,6,55,0,14,0,2
2740,6,53,0,16,9,2
2741,6,55,0,16,18,2
2742,6,55,0,19,10,2
2743,6,19,0,21,14,2
2744,6,55,0,13,7,2
2745,6,55,0,21,12,2
2746,6,53,0,19,10,2
2747,6,55,0,21,16,2
2748,6,53,0,13,19,2
2749,6,55,0,16,11,2
2750,6,19,0,17,4,2
2751,6,19,0,12,9,2
2752,6,19,0,11,14,2
2753,6,53,0,13,13,2
2754,6,53,0,12,14,2
2755,6,53,0,17,2,2
2756,6,55,0,12,14,2
2757,6,53,0,21,15,2
2758,6,19,0,17,7,2
2759,6,19,0,18,10,2
2760,6,19,0,11,16,2
2761,6,55,0,18,1,2
2762,6,55,0,18,7,2
2763,6,19,0,14,12,2
2764,6,19,0,15,3,2
2765,6,53,0,16,14,2
2766,6,53,0,18,14,2
2767,6,53,0,18,1,2
2768,6,55,0,19,18,2
2769,6,19,0,17,0,2
2770,6,53,0,16,6,2
2771,6,55,0,19,2,2
2772,6,19,0,13,11,2
2773,6,53,0,13,17,2
2774,6,19,0,11,4,2
2775,6,53,0,11,13,2
2776,6,55,0,21,5,2
2777,6,55,0,21,4,2
2778,6,19,0,19,2,2
2779,6,53,0,17,7,2
2780,6,19,0,16,1,2
2781,6,53,0,21,2,2
2782,6,19,0,19,9,2
2783,6,19,0,18,5,2
2784,6,55,0,17,19,2
2785,6,19,0,13,5,2
2786,6,19,0,11,3,2
2787,6,55,0,21,18,2
2788,6,55,0,19,11,2
2789,6,19,0,14,17,2
2790,6,53,0,16,12,2
2791,6,53,0,11,8,2
2792,6,55,0,19,15,2
2793,6,19,0,15,9,2
2794,6,19,0,14,10,2
2795,6,55,0,19,15,2
2796,6,55,0,14,11,2
2797,6,53,0,11,0,2
2798,6,55,0,20,17,2
2799,6,53,0,14,12,2
