4
1,65,2,1,24,1,0
2,27,1,1,9,5,0
3,50,3,1,24,0,0
4,62,0,1,18,2,0
5,69,1,1,16,2,0
6,0,26,0,12,1,0
7,2,0,1,10,5,0
8,59,3,1,16,4,0
9,55,3,1,24,1,0
10,53,3,1,16,3,0
11,84,3,1,6,4,0
12,1,48,0,20,16,0
13,41,1,1,19,3,0
14,74,1,1,3,2,0
15,0,0,0,20,13,0
16,3,13,0,18,15,0
17,3,7,0,13,11,0
18,3,28,0,21,10,0
19,54,1,1,7,5,0
20,2,25,0,11,6,0
21,2,3,0,11,13,0
22,0,42,0,13,19,0
23,2,44,0,19,1,0
24,1,4,0,18,8,0
25,11,0,1,19,1,0
26,1,0,1,14,0,0
27,53,0,1,23,5,0
28,2,44,0,20,18,0
29,38,2,1,22,0,0
30,26,0,1,6,4,0
31,24,1,1,17,5,0
32,0,47,0,11,0,0
33,2,63,0,21,7,0
34,5,2,1,16,4,0
35,1,36,0,20,14,0
36,2,68,0,17,1,0
37,8,3,1,7,3,0
38,36,1,1,19,0,0
39,14,1,1,13,2,0
40,47,3,1,17,5,0
41,55,1,1,11,4,0
42,55,2,1,24,1,0
43,2,81,0,21,1,0
44,3,46,0,13,2,0
45,68,2,1,4,4,0
46,3,42,0,11,5,0
47,2,69,0,15,1,0
48,2,64,0,13,7,0
49,42,1,1,10,2,0
50,0,79,0,12,7,0
51,2,82,0,20,11,0
52,0,75,0,21,3,0
53,1,39,0,19,0,0
54,0,86,0,17,1,0
55,2,56,0,15,16,0
56,2,5,0,12,18,0
57,0,39,0,17,9,0
58,1,76,0,20,19,0
59,23,2,1,22,0,0
60,2,84,0,11,0,0
61,1,86,0,12,19,0
62,34,2,1,2,1,0
63,3,44,0,18,11,0
64,79,0,1,13,0,0
65,23,3,1,11,4,0
66,7,2,1,19,3,0
67,0,61,0,20,18,0
68,29,1,1,7,1,0
69,35,0,1,11,5,0
70,40,0,1,7,1,0
71,78,0,1,4,4,0
72,37,2,1,5,1,0
73,47,3,1,15,4,0
74,72,0,1,19,5,0
75,64,3,1,12,0,0
76,1,39,0,11,7,0
77,0,20,0,15,2,0
78,2,8,0,19,13,0
79,44,0,1,7,3,0
80,0,2,0,19,19,0
81,70,0,1,23,2,0
82,35,2,1,14,5,0
83,3,72,0,18,5,0
84,1,83,0,11,6,0
85,82,0,1,20,1,0
86,2,16,0,11,13,0
87,60,1,1,7,5,0
88,59,2,1,24,1,0
89,78,1,1,8,0,0
90,3,73,0,13,7,0
91,83,1,1,6,5,0
92,1,67,0,19,3,0
93,84,1,1,12,2,0
94,3,65,0,13,18,0
95,78,1,1,14,0,0
96,22,1,1,20,4,0
97,2,17,0,19,5,0
98,73,0,1,3,3,0
99,53,3,1,22,2,0
100,32,2,1,10,0,0
315,12,0,1,0,1,0
315,24,0,1,0,1,0
316,1,21,0,14,12,0
316,1,78,0,14,12,1
317,0,50,0,14,4,0
317,0,79,0,14,4,1
318,2,53,0,16,9,0
318,2,88,0,16,9,1
319,1,38,0,16,13,0
319,1,45,0,16,13,1
320,3,50,0,16,7,0
320,3,33,0,16,7,1
321,0,1,1,1,0,0
321,40,1,1,0,5,1
322,18,1,1,0,3,0
322,5,1,1,0,1,0
323,1,68,0,16,10,0
323,1,6,0,16,10,1
324,50,0,1,0,3,0
324,19,0,1,1,4,1
325,31,1,1,0,3,0
325,7,1,1,1,0,1
326,1,49,0,16,10,0
326,1,85,0,16,10,1
327,80,2,1,1,5,1
327,4,2,1,1,2,1
328,84,1,1,0,4,0
328,32,1,1,1,5,0
329,2,87,0,16,11,0
329,2,19,0,16,11,1
330,1,35,0,14,8,0
330,1,51,0,14,8,1
331,52,1,1,1,3,1
331,73,1,1,0,4,0
332,44,2,1,0,1,0
332,8,2,1,1,2,1
333,26,1,1,0,3,1
333,39,1,1,0,4,0
334,2,40,0,14,9,0
334,2,37,0,14,9,1
335,64,2,1,1,0,0
335,11,2,1,0,3,0
336,69,2,1,1,0,0
336,56,2,1,1,2,0
337,27,0,1,0,5,0
337,46,0,1,1,3,0
338,1,47,0,14,12,0
338,1,18,0,14,12,1
339,71,1,1,0,2,1
339,70,1,1,0,2,1
340,2,85,0,16,18,0
340,2,61,0,16,18,1
341,14,1,1,0,1,1
341,48,1,1,0,2,0
342,56,3,1,0,5,1
342,37,3,1,1,1,0
343,25,0,1,1,5,0
343,16,0,1,1,0,1
344,15,2,1,0,3,0
344,34,2,1,1,4,0
345,87,0,1,0,3,0
345,66,0,1,0,0,1
346,0,42,0,16,15,0
346,0,40,0,16,15,1
347,0,0,0,16,9,0
347,0,78,0,16,9,1
348,25,3,1,0,0,1
348,3,3,1,0,1,0
349,1,76,0,14,9,0
349,1,48,0,14,9,1
350,47,1,1,1,0,0
350,69,1,1,0,5,0
351,0,51,0,14,9,0
351,0,76,0,14,9,1
352,0,71,0,14,4,0
352,0,79,0,14,4,1
353,43,3,1,0,4,1
353,39,3,1,0,0,1
354,78,1,1,0,1,0
354,44,1,1,1,5,0
355,2,10,0,16,4,0
355,2,57,0,16,4,1
356,2,36,0,16,17,0
356,2,22,0,16,17,1
357,45,2,1,1,3,0
357,59,2,1,0,3,0
358,37,2,1,1,4,0
358,66,2,1,1,1,0
359,87,2,1,0,0,0
359,17,2,1,1,5,0
360,0,29,0,16,16,0
360,0,42,0,16,16,1
361,13,0,1,1,3,0
361,17,0,1,1,0,0
362,52,3,1,1,5,0
362,52,3,1,1,4,1
363,3,16,0,16,17,0
363,3,38,0,16,17,1
364,1,22,0,16,4,0
364,1,36,0,16,4,1
365,65,2,1,1,1,1
365,30,2,1,0,0,0
366,68,3,1,1,2,1
366,38,3,1,1,0,1
367,0,20,0,14,0,0
367,0,31,0,14,0,1
368,3,59,0,16,12,0
368,3,76,0,16,12,1
369,0,84,0,16,11,0
369,0,43,0,16,11,1
370,69,3,1,0,3,0
370,57,3,1,0,3,1
371,35,3,1,1,0,0
371,37,3,1,0,1,1
372,0,40,0,14,16,0
372,0,33,0,14,16,1
373,1,36,0,16,12,0
373,1,87,0,16,12,1
374,79,2,1,1,4,1
374,60,2,1,1,2,1
375,61,0,1,1,3,1
375,15,0,1,0,3,0
376,39,1,1,1,5,1
376,68,1,1,1,0,0
377,1,39,0,16,11,0
377,1,50,0,16,11,1
378,13,1,1,0,5,0
378,68,1,1,1,0,0
379,18,3,1,1,2,0
379,53,3,1,1,0,1
380,67,3,1,1,0,1
380,3,3,1,1,3,0
381,12,1,1,1,5,1
381,21,1,1,1,4,0
382,62,3,1,0,3,0
382,86,3,1,0,4,0
383,1,69,0,16,14,0
383,1,81,0,16,14,1
384,38,2,1,0,5,0
384,83,2,1,0,1,1
385,2,34,0,14,3,0
385,2,14,0,14,3,1
386,80,3,1,1,0,0
386,46,3,1,1,0,1
387,55,2,1,1,2,0
387,79,2,1,1,5,0
388,1,26,0,14,7,0
388,1,54,0,14,7,1
389,30,1,1,0,0,0
389,19,1,1,1,2,1
390,30,3,1,1,1,1
390,75,3,1,0,1,0
391,2,26,0,14,3,0
391,2,82,0,14,3,1
392,0,76,0,16,9,0
392,0,55,0,16,9,1
393,3,65,0,14,1,0
393,3,61,0,14,1,1
394,48,2,1,0,2,0
394,89,2,1,0,5,1
395,2,42,0,16,17,0
395,2,51,0,16,17,1
396,69,2,1,0,0,0
396,61,2,1,1,5,0
397,3,2,1,1,2,0
397,37,2,1,0,3,0
398,85,2,1,0,4,0
398,13,2,1,1,1,1
399,60,3,1,0,1,1
399,65,3,1,0,3,1
400,1,38,0,16,18,0
400,1,24,0,16,18,1
401,7,2,1,1,1,1
401,37,2,1,1,1,1
402,22,2,1,0,3,0
402,9,2,1,0,4,0
403,3,3,1,0,4,1
403,72,3,1,1,4,0
404,6,3,1,0,1,0
404,36,3,1,0,1,0
405,1,18,0,14,10,0
405,1,13,0,14,10,1
406,78,3,1,0,4,1
406,36,3,1,0,1,0
407,2,62,0,16,19,0
407,2,1,0,16,19,1
408,59,1,1,0,4,0
408,34,1,1,1,3,1
409,47,0,1,0,0,1
409,65,0,1,1,2,1
410,2,0,0,16,6,0
410,2,66,0,16,6,1
411,0,58,0,14,6,0
411,0,76,0,14,6,1
412,61,0,1,0,2,1
412,38,0,1,0,2,1
413,1,37,0,14,10,0
413,1,78,0,14,10,1
414,3,78,0,16,11,0
414,3,89,0,16,11,1
415,37,2,1,1,3,0
415,64,2,1,0,0,0
