4
1,0,8,0,20,4,0
2,54,1,1,7,5,0
3,3,38,0,15,10,0
4,3,27,0,12,7,0
5,1,27,0,20,6,0
6,1,23,0,12,12,0
7,60,0,1,17,1,0
8,0,25,0,17,2,0
9,1,13,0,18,12,0
10,40,2,1,3,5,0
11,3,37,0,13,1,0
12,1,31,0,12,7,0
13,1,6,0,21,5,0
14,76,2,1,20,1,0
15,2,35,0,15,8,0
16,52,0,1,6,4,0
17,68,1,1,3,2,0
18,0,12,0,11,6,0
19,3,33,0,15,19,0
20,46,1,1,5,2,0
21,3,20,0,21,18,0
22,1,32,0,20,7,0
23,52,0,1,15,5,0
24,51,2,1,19,2,0
25,3,24,0,11,13,0
26,52,0,1,18,3,0
27,52,3,1,21,4,0
28,3,3,0,12,4,0
29,2,0,0,12,3,0
30,71,1,1,5,5,0
31,78,1,1,14,2,0
32,70,2,1,12,4,0
33,0,37,0,15,14,0
34,1,14,0,19,1,0
35,2,34,0,17,8,0
36,62,0,1,21,3,0
37,76,1,1,8,0,0
38,3,29,0,13,3,0
39,67,3,1,23,5,0
40,60,2,1,8,3,0
41,2,16,0,17,10,0
42,61,3,1,23,5,0
43,41,0,1,20,0,0
44,45,0,1,3,3,0
45,0,26,0,21,12,0
46,0,27,0,20,3,0
47,57,1,1,9,4,0
48,3,23,0,17,11,0
49,2,17,0,17,14,0
50,44,1,1,14,3,0
51,1,34,0,17,12,0
52,1,12,0,20,8,0
53,3,33,0,17,1,0
54,0,28,0,12,3,0
55,40,1,1,22,4,0
56,1,9,0,18,9,0
57,2,28,0,11,6,0
58,0,17,0,18,17,0
59,3,19,0,13,9,0
60,3,39,0,21,17,0
61,0,27,0,20,11,0
62,76,2,1,13,1,0
63,43,3,1,21,1,0
64,41,0,1,13,0,0
65,1,22,0,13,2,0
66,60,2,1,20,0,0
67,69,2,1,21,4,0
68,1,26,0,12,2,0
69,0,26,0,18,15,0
70,56,1,1,8,4,0
71,51,2,1,11,5,0
72,49,0,1,8,3,0
73,60,1,1,6,2,0
74,50,1,1,7,5,0
75,73,0,1,2,2,0
76,73,0,1,23,0,0
77,3,23,0,12,11,0
78,2,10,0,21,7,0
79,2,28,0,13,7,0
80,72,3,1,6,3,0
81,44,3,1,8,2,0
82,0,9,0,17,12,0
83,3,24,0,17,1,0
84,2,25,0,17,18,0
85,54,0,1,21,3,0
86,43,3,1,2,5,0
87,0,30,0,17,18,0
88,3,6,0,17,3,0
89,67,2,1,14,5,0
90,1,14,0,17,11,0
91,3,7,0,15,8,0
92,58,0,1,12,5,0
93,51,1,1,20,1,0
94,76,1,1,17,5,0
95,54,3,1,2,4,0
96,50,2,1,18,0,0
97,0,26,0,15,4,0
98,3,24,0,11,15,0
99,53,2,1,12,2,0
100,1,30,0,19,19,0
101,1,11,0,19,8,0
102,67,3,1,18,1,0
103,60,1,1,3,5,0
104,2,39,0,13,16,0
105,73,0,1,22,3,0
106,2,33,0,17,1,0
107,67,3,1,15,3,0
108,1,15,0,15,10,0
109,46,2,1,20,5,0
110,1,35,0,17,6,0
111,0,6,0,12,2,0
112,0,6,0,20,9,0
113,1,38,0,20,9,0
114,1,1,0,13,11,0
115,1,28,0,17,9,0
116,47,3,1,18,4,0
117,1,5,0,15,1,0
118,2,17,0,19,5,0
119,2,18,0,15,4,0
120,3,37,0,20,15,0
121,1,20,0,15,11,0
122,1,0,0,15,16,0
123,50,0,1,15,3,0
124,0,7,0,11,2,0
125,2,37,0,18,11,0
126,2,27,0,15,5,0
127,3,31,0,15,16,0
128,47,1,1,18,1,0
129,48,3,1,20,0,0
130,48,2,1,2,1,0
131,68,3,1,21,5,0
132,57,0,1,13,0,0
133,51,3,1,7,0,0
134,2,39,0,11,0,0
135,49,0,1,8,1,0
136,79,2,1,16,1,0
137,2,20,0,21,17,0
138,55,3,1,5,2,0
139,43,2,1,11,1,0
140,79,0,1,22,1,0
141,1,22,0,13,3,0
142,1,37,0,18,12,0
143,54,1,1,10,4,0
144,0,15,0,13,12,0
145,1,34,0,11,2,0
146,47,2,1,5,5,0
147,1,0,0,21,15,0
148,47,0,1,22,1,0
149,79,3,1,6,2,0
150,63,3,1,9,2,0
151,52,0,1,14,1,0
152,66,1,1,9,3,0
153,1,36,0,12,12,0
154,2,19,0,19,11,0
155,2,38,0,11,9,0
156,40,0,1,11,1,0
157,1,30,0,17,9,0
158,77,0,1,20,0,0
159,0,31,0,19,10,0
160,72,2,1,24,3,0
161,55,1,1,12,4,0
162,1,39,0,19,0,0
163,3,16,0,12,1,0
164,3,18,0,18,16,0
165,42,0,1,2,5,0
166,68,3,1,24,0,0
167,0,25,0,11,19,0
168,1,2,0,11,7,0
169,0,35,0,21,11,0
170,2,32,0,17,4,0
171,2,22,0,11,10,0
172,52,0,1,3,2,0
173,47,2,1,2,0,0
174,1,5,0,13,1,0
175,61,0,1,16,0,0
176,3,4,0,18,0,0
177,0,26,0,21,4,0
178,57,3,1,9,3,0
179,48,0,1,14,3,0
180,3,21,0,20,9,0
181,42,0,1,7,2,0
182,74,0,1,16,3,0
183,2,16,0,13,17,0
184,60,1,1,2,2,0
185,2,38,0,13,7,0
186,74,2,1,13,2,0
187,76,0,1,10,5,0
188,0,10,0,11,16,0
189,1,37,0,13,13,0
190,3,30,0,18,11,0
191,0,4,0,18,16,0
192,67,1,1,11,5,0
193,2,0,0,19,4,0
194,78,1,1,19,0,0
195,1,36,0,15,7,0
196,0,17,0,19,14,0
197,68,0,1,20,4,0
198,3,5,0,13,19,0
199,1,4,0,15,17,0
200,64,3,1,3,3,0
201,2,39,0,17,11,0
202,2,15,0,17,4,0
203,60,3,1,9,0,0
204,3,20,0,15,6,0
205,1,8,0,20,18,0
206,0,30,0,12,6,0
207,61,1,1,15,5,0
208,2,7,0,19,3,0
209,67,0,1,15,4,0
210,2,38,0,12,10,0
211,1,23,0,20,10,0
212,71,3,1,11,2,0
213,45,1,1,4,5,0
214,3,4,0,17,4,0
215,62,1,1,13,5,0
216,2,27,0,13,7,0
217,44,1,1,2,0,0
218,1,14,0,19,16,0
219,1,39,0,17,18,0
220,0,20,0,21,6,0
221,58,0,1,4,3,0
222,0,12,0,18,8,0
223,3,11,0,19,1,0
224,1,10,0,19,16,0
225,3,9,0,15,6,0
226,50,3,1,6,2,0
227,40,3,1,12,1,0
228,51,2,1,21,1,0
229,53,3,1,13,0,0
230,68,0,1,14,5,0
231,66,2,1,13,0,0
232,1,29,0,15,4,0
233,3,30,0,19,10,0
234,2,23,0,12,7,0
235,2,12,0,21,10,0
236,3,37,0,19,14,0
237,2,35,0,12,8,0
238,64,0,1,21,0,0
239,1,5,0,18,9,0
240,72,1,1,21,2,0
241,0,5,0,12,4,0
242,50,1,1,11,1,0
243,75,0,1,21,0,0
244,0,39,0,13,8,0
245,65,1,1,23,4,0
246,3,19,0,21,6,0
247,0,14,0,15,10,0
248,3,33,0,15,13,0
249,73,2,1,22,1,0
250,41,3,1,14,5,0
251,0,21,0,18,6,0
252,59,1,1,4,5,0
253,55,0,1,17,2,0
254,79,2,1,21,0,0
255,2,3,0,17,16,0
256,1,1,0,21,8,0
257,59,2,1,20,1,0
258,75,0,1,20,4,0
259,1,22,0,19,1,0
260,60,0,1,15,5,0
261,0,9,0,11,19,0
262,70,2,1,15,4,0
263,0,17,0,12,1,0
264,1,25,0,17,16,0
265,0,31,0,19,13,0
266,79,0,1,24,2,0
267,2,22,0,11,18,0
268,0,35,0,15,12,0
269,62,3,1,7,2,0
270,73,0,1,22,1,0
271,3,30,0,20,13,0
272,1,9,0,12,11,0
273,58,1,1,9,5,0
274,42,2,1,3,0,0
275,2,18,0,13,9,0
276,75,3,1,19,4,0
277,2,33,0,15,15,0
278,3,37,0,12,2,0
279,76,0,1,18,3,0
280,75,2,1,18,2,0
281,57,3,1,9,0,0
282,44,1,1,11,2,0
283,49,0,1,20,4,0
284,3,3,0,13,16,0
285,3,12,0,11,0,0
286,1,4,0,20,1,0
287,61,1,1,18,0,0
288,48,1,1,19,0,0
289,3,8,0,12,7,0
290,76,1,1,10,0,0
291,50,1,1,17,0,0
292,1,3,0,21,15,0
293,3,16,0,19,15,0
294,40,3,1,24,1,0
295,2,37,0,11,12,0
296,1,5,0,18,3,0
297,0,33,0,20,9,0
298,3,10,0,21,5,0
299,0,20,0,12,0,0
300,65,3,1,7,2,0
301,0,28,0,19,5,0
302,3,13,0,15,8,0
303,72,2,1,2,1,0
304,3,29,0,15,11,0
305,57,1,1,16,3,0
306,3,25,0,21,5,0
307,64,0,1,7,2,0
308,44,3,1,7,4,0
309,0,21,0,15,15,0
310,65,2,1,16,3,0
311,2,8,0,13,10,0
312,3,21,0,13,16,0
313,0,30,0,19,14,0
314,3,22,0,17,3,0
315,45,1,1,2,2,0
316,49,2,1,7,3,0
317,2,39,0,21,12,0
318,2,25,0,21,5,0
319,75,2,1,5,1,0
320,1,35,0,21,9,0
321,3,24,0,11,16,0
322,3,14,0,18,11,0
323,48,0,1,20,5,0
324,3,19,0,21,16,0
325,46,1,1,15,1,0
326,53,2,1,8,4,0
327,1,33,0,15,5,0
328,68,3,1,6,1,0
329,44,1,1,23,0,0
330,2,31,0,19,17,0
331,67,0,1,16,1,0
332,0,19,0,19,9,0
333,2,19,0,21,13,0
334,3,14,0,13,8,0
335,41,2,1,18,0,0
336,59,0,1,10,4,0
337,77,3,1,24,1,0
338,74,3,1,24,5,0
339,41,0,1,8,5,0
340,77,2,1,16,3,0
341,1,14,0,17,1,0
342,40,0,1,7,0,0
343,79,0,1,5,1,0
344,1,28,0,12,4,0
345,40,0,1,11,4,0
346,0,10,0,21,1,0
347,77,3,1,17,0,0
348,59,0,1,7,0,0
349,61,1,1,6,5,0
350,71,0,1,20,3,0
351,1,39,0,21,0,0
352,63,1,1,21,1,0
353,62,2,1,20,3,0
354,0,20,0,11,6,0
355,0,21,0,12,6,0
356,1,27,0,12,0,0
357,0,28,0,15,10,0
358,3,20,0,12,2,0
359,0,0,0,13,2,0
360,2,12,0,20,8,0
361,49,1,1,22,4,0
362,71,2,1,12,4,0
363,2,38,0,19,9,0
364,41,3,1,2,3,0
365,3,33,0,17,12,0
366,53,1,1,15,5,0
367,2,8,0,17,8,0
368,74,0,1,17,0,0
369,72,2,1,15,3,0
370,43,0,1,12,2,0
371,74,1,1,9,5,0
372,0,15,0,18,15,0
373,3,4,0,12,17,0
374,40,0,1,10,4,0
375,0,29,0,11,3,0
376,77,3,1,19,1,0
377,63,0,1,8,0,0
378,3,30,0,11,11,0
379,49,0,1,12,4,0
380,58,3,1,5,3,0
381,69,1,1,22,5,0
382,1,34,0,12,6,0
383,0,32,0,12,19,0
384,51,0,1,17,3,0
385,77,0,1,9,4,0
386,49,1,1,13,1,0
387,64,2,1,11,4,0
388,50,2,1,9,3,0
389,72,3,1,2,1,0
390,72,1,1,8,2,0
391,62,0,1,22,1,0
392,61,1,1,7,3,0
393,43,0,1,23,0,0
394,1,2,0,11,16,0
395,65,3,1,10,2,0
396,73,2,1,11,4,0
397,61,3,1,12,3,0
398,3,30,0,21,1,0
399,1,14,0,11,15,0
400,45,3,1,5,3,0
401,78,1,1,10,3,0
402,1,1,0,12,12,0
403,73,1,1,9,3,0
404,61,0,1,14,2,0
405,1,24,0,12,14,0
406,64,0,1,14,4,0
407,64,2,1,15,0,0
408,51,2,1,2,0,0
409,2,13,0,18,4,0
410,3,14,0,21,18,0
411,68,0,1,18,4,0
412,77,2,1,19,5,0
413,44,2,1,10,5,0
414,3,13,0,20,13,0
415,1,31,0,18,15,0
416,2,36,0,15,15,0
417,71,0,1,2,5,0
418,0,34,0,13,11,0
419,50,3,1,23,3,0
420,3,12,0,12,17,0
421,48,2,1,19,4,0
422,0,19,0,18,15,0
423,0,35,0,19,17,0
424,79,3,1,24,5,0
425,44,0,1,16,5,0
426,42,3,1,16,5,0
427,1,7,0,18,13,0
428,78,3,1,13,0,0
429,2,5,0,21,10,0
430,48,2,1,4,4,0
431,0,6,0,21,18,0
432,0,30,0,18,5,0
433,77,3,1,4,0,0
434,51,2,1,4,2,0
435,0,35,0,18,2,0
436,2,11,0,20,8,0
437,1,36,0,11,6,0
438,77,2,1,2,0,0
439,1,21,0,15,3,0
440,3,9,0,11,8,0
441,1,38,0,11,0,0
442,67,1,1,24,5,0
443,43,0,1,13,3,0
444,57,1,1,19,0,0
445,0,8,0,13,16,0
446,0,28,0,13,15,0
447,43,1,1,13,5,0
448,44,2,1,11,2,0
449,2,14,0,20,12,0
450,63,1,1,24,1,0
451,70,1,1,23,3,0
452,0,2,0,13,7,0
453,68,1,1,16,2,0
454,0,38,0,17,18,0
455,65,3,1,24,1,0
456,3,33,0,18,7,0
457,71,3,1,4,2,0
458,2,17,0,21,14,0
459,71,0,1,11,4,0
460,55,1,1,20,0,0
461,1,10,0,20,2,0
462,42,2,1,5,1,0
463,75,3,1,5,3,0
464,73,0,1,14,0,0
465,42,1,1,21,3,0
466,0,19,0,11,12,0
467,61,3,1,11,3,0
468,2,37,0,12,19,0
469,69,2,1,7,0,0
470,2,24,0,18,10,0
471,71,2,1,15,0,0
472,2,10,0,15,1,0
473,45,1,1,23,3,0
474,76,1,1,15,5,0
475,45,0,1,3,0,0
476,75,0,1,7,1,0
477,60,0,1,8,2,0
478,1,35,0,15,8,0
479,63,3,1,5,4,0
480,2,33,0,19,14,0
481,40,1,1,6,1,0
482,74,0,1,17,1,0
483,58,1,1,3,4,0
484,3,14,0,17,19,0
485,47,3,1,4,5,0
486,0,2,0,17,9,0
487,58,2,1,11,2,0
488,1,7,0,18,16,0
489,3,18,0,12,11,0
490,47,2,1,13,3,0
491,1,32,0,12,13,0
492,68,1,1,4,1,0
493,2,18,0,13,15,0
494,53,3,1,5,1,0
495,41,1,1,17,0,0
496,66,0,1,13,3,0
497,48,2,1,9,0,0
498,67,1,1,15,5,0
499,65,3,1,5,5,0
500,49,2,1,18,4,0
501,78,2,1,15,1,0
502,62,3,1,21,0,0
503,1,14,0,13,1,0
504,0,31,0,18,3,0
505,55,2,1,23,3,0
506,2,34,0,21,0,0
507,41,0,1,16,1,0
508,1,19,0,18,12,0
509,3,39,0,17,9,0
510,51,0,1,19,2,0
511,0,13,0,13,8,0
512,0,11,0,20,8,0
513,49,0,1,6,1,0
514,0,20,0,20,5,0
515,41,3,1,6,1,0
516,2,21,0,19,19,0
517,50,0,1,11,5,0
518,63,0,1,17,5,0
519,0,18,0,19,11,0
520,76,3,1,18,0,0
521,1,7,0,12,19,0
522,65,2,1,10,5,0
523,41,0,1,15,0,0
524,2,26,0,21,12,0
525,76,2,1,15,3,0
526,61,0,1,24,3,0
527,1,18,0,19,18,0
528,2,9,0,11,8,0
529,0,8,0,15,8,0
530,71,2,1,2,5,0
531,0,3,0,17,13,0
532,3,8,0,11,1,0
533,45,2,1,8,4,0
534,2,5,0,13,16,0
535,0,30,0,15,6,0
536,3,2,0,13,13,0
537,3,17,0,18,5,0
538,48,0,1,18,1,0
539,48,0,1,4,5,0
540,1,32,0,18,15,0
541,52,3,1,7,3,0
542,2,8,0,18,2,0
543,0,5,0,20,4,0
544,2,35,0,15,0,0
545,69,0,1,16,1,0
546,2,16,0,19,14,0
547,41,0,1,8,3,0
548,77,2,1,5,0,0
549,48,2,1,21,4,0
550,0,26,0,17,11,0
551,1,12,0,17,10,0
552,79,3,1,21,5,0
553,64,3,1,19,3,0
554,54,3,1,4,5,0
555,1,32,0,20,6,0
556,1,9,0,11,3,0
557,0,9,0,18,12,0
558,50,0,1,2,4,0
559,0,27,0,19,13,0
560,3,26,0,18,9,0
561,71,2,1,13,1,0
562,43,1,1,18,3,0
563,54,3,1,7,1,0
564,64,1,1,8,1,0
565,0,6,0,20,17,0
566,60,3,1,11,2,0
567,78,0,1,6,0,0
568,66,0,1,11,4,0
569,72,1,1,4,2,0
570,1,32,0,21,2,0
571,2,22,0,20,6,0
572,41,0,1,21,2,0
573,40,2,1,7,0,0
574,52,2,1,14,2,0
575,3,36,0,20,16,0
576,2,16,0,15,6,0
577,3,13,0,12,1,0
578,0,19,0,19,15,0
579,1,38,0,20,8,0
580,73,3,1,20,2,0
581,64,3,1,3,4,0
582,57,0,1,24,3,0
583,72,0,1,19,0,0
584,58,2,1,13,2,0
585,1,8,0,12,18,0
586,56,1,1,2,1,0
587,52,3,1,10,1,0
588,61,0,1,2,2,0
589,76,2,1,22,5,0
590,79,2,1,8,0,0
591,48,2,1,17,2,0
592,45,2,1,4,0,0
593,1,5,0,13,13,0
594,1,39,0,18,19,0
595,3,30,0,18,15,0
596,3,10,0,20,17,0
597,1,19,0,19,2,0
598,1,8,0,17,9,0
599,3,3,0,18,12,0
600,77,1,1,6,1,0
601,64,1,1,11,4,0
602,56,2,1,14,0,0
603,42,1,1,22,5,0
604,78,0,1,22,2,0
605,2,33,0,12,10,0
606,52,1,1,5,5,0
607,76,3,1,8,4,0
608,0,34,0,20,5,0
609,76,3,1,9,5,0
610,2,1,0,12,0,0
611,1,9,0,18,13,0
612,0,23,0,19,16,0
613,69,0,1,24,2,0
614,53,0,1,13,4,0
615,1,3,0,19,1,0
616,3,26,0,17,14,0
617,2,15,0,17,18,0
618,1,8,0,17,3,0
619,0,33,0,17,2,0
620,0,12,0,17,18,0
621,0,17,0,21,15,0
622,2,21,0,18,1,0
623,3,29,0,17,16,0
624,2,21,0,21,13,0
625,3,20,0,20,9,0
626,46,2,1,4,2,0
627,3,12,0,15,19,0
628,0,0,0,15,12,0
629,56,1,1,12,0,0
630,2,3,0,18,13,0
631,1,17,0,17,5,0
632,2,12,0,17,5,0
633,3,12,0,20,13,0
634,2,24,0,19,3,0
635,44,0,1,24,4,0
636,2,32,0,15,15,0
637,2,6,0,15,18,0
638,50,0,1,4,1,0
639,1,31,0,20,10,0
640,3,1,0,13,15,0
641,47,0,1,7,4,0
642,1,4,0,19,17,0
643,57,0,1,12,5,0
644,0,30,0,13,10,0
645,0,37,0,17,12,0
646,77,1,1,11,0,0
647,48,1,1,16,5,0
648,3,13,0,18,8,0
649,1,4,0,11,17,0
650,3,12,0,15,6,0
651,3,6,0,21,4,0
652,52,0,1,10,2,0
653,63,1,1,14,1,0
654,73,1,1,2,4,0
655,2,27,0,21,19,0
656,62,3,1,10,0,0
657,76,1,1,4,4,0
658,0,14,0,13,14,0
659,48,2,1,5,0,0
660,68,1,1,14,1,0
661,66,0,1,23,0,0
662,1,3,0,20,6,0
663,1,19,0,19,7,0
664,42,2,1,20,4,0
665,0,12,0,15,18,0
666,55,1,1,14,3,0
667,2,29,0,18,11,0
668,76,2,1,12,4,0
669,69,2,1,5,2,0
670,3,38,0,13,13,0
671,1,38,0,21,1,0
672,2,36,0,17,2,0
673,52,3,1,19,3,0
674,59,0,1,15,1,0
675,2,23,0,13,4,0
676,0,0,0,11,6,0
677,56,2,1,4,4,0
678,2,5,0,12,19,0
679,55,1,1,5,1,0
680,1,22,0,13,17,0
681,64,1,1,6,2,0
682,0,2,0,19,16,0
683,68,1,1,15,0,0
684,0,6,0,17,13,0
685,61,2,1,13,4,0
686,74,1,1,23,4,0
687,0,39,0,21,3,0
688,1,23,0,20,19,0
689,46,2,1,2,2,0
690,2,33,0,11,16,0
691,41,2,1,15,1,0
692,57,3,1,18,5,0
693,3,31,0,20,2,0
694,0,3,0,13,4,0
695,2,31,0,15,13,0
696,54,2,1,14,5,0
697,70,2,1,2,3,0
698,45,3,1,19,0,0
699,1,6,0,18,7,0
700,79,0,1,20,2,0
701,3,16,0,11,4,0
702,2,1,0,12,5,0
703,0,34,0,11,14,0
704,62,3,1,5,2,0
705,74,3,1,4,1,0
706,50,1,1,24,4,0
707,2,24,0,12,11,0
708,0,5,0,15,9,0
709,2,17,0,15,17,0
710,46,2,1,2,4,0
711,47,3,1,5,2,0
712,3,20,0,15,14,0
713,0,32,0,11,5,0
714,40,1,1,19,3,0
715,3,0,0,18,0,0
716,0,39,0,17,12,0
717,3,29,0,13,7,0
718,2,10,0,15,4,0
719,3,5,0,21,1,0
720,2,28,0,20,17,0
721,52,3,1,2,3,0
722,3,12,0,21,4,0
723,2,5,0,17,15,0
724,69,1,1,24,0,0
725,56,3,1,13,5,0
726,2,20,0,18,17,0
727,3,5,0,15,1,0
728,2,8,0,15,8,0
729,1,11,0,19,14,0
730,48,1,1,17,1,0
731,0,14,0,20,18,0
732,3,36,0,21,8,0
733,2,11,0,15,16,0
734,66,3,1,23,0,0
735,0,12,0,18,9,0
736,3,2,0,20,12,0
737,61,2,1,10,2,0
738,52,3,1,12,1,0
739,40,0,1,14,4,0
740,57,3,1,13,0,0
741,2,13,0,19,16,0
742,0,36,0,18,17,0
743,2,5,0,12,16,0
744,65,2,1,21,3,0
745,1,9,0,15,9,0
746,49,1,1,13,1,0
747,44,0,1,3,1,0
748,1,6,0,18,13,0
749,59,1,1,21,0,0
750,2,37,0,19,6,0
751,1,33,0,19,0,0
752,78,2,1,21,2,0
753,1,15,0,15,5,0
754,2,29,0,18,0,0
755,1,7,0,15,16,0
756,58,2,1,18,3,0
757,44,2,1,16,1,0
758,52,0,1,15,5,0
759,63,1,1,17,0,0
760,40,0,1,9,0,0
761,42,2,1,18,3,0
762,63,3,1,17,0,0
763,3,7,0,18,4,0
764,57,0,1,13,3,0
765,68,1,1,9,2,0
766,1,19,0,11,8,0
767,66,2,1,21,4,0
768,2,34,0,17,14,0
769,2,1,0,20,9,0
770,3,29,0,15,7,0
771,0,19,0,19,7,0
772,1,37,0,11,16,0
773,2,15,0,15,15,0
774,0,12,0,11,12,0
775,1,35,0,17,9,0
776,43,3,1,24,5,0
777,0,9,0,20,3,0
778,3,16,0,13,3,0
779,52,3,1,15,1,0
780,1,12,0,19,13,0
781,43,0,1,7,2,0
782,0,18,0,20,4,0
783,2,32,0,17,1,0
784,56,3,1,7,0,0
785,2,14,0,12,5,0
786,77,2,1,13,1,0
787,0,4,0,21,7,0
788,54,3,1,6,3,0
789,1,0,0,15,15,0
790,2,31,0,21,11,0
791,0,34,0,21,12,0
792,2,2,0,18,14,0
793,65,2,1,2,0,0
794,67,2,1,15,3,0
795,0,22,0,11,12,0
796,79,3,1,17,0,0
797,72,2,1,4,2,0
798,1,1,0,17,18,0
799,40,3,1,3,2,0
800,0,29,0,17,4,0
801,0,12,0,17,15,0
802,1,25,0,18,13,0
803,3,22,0,11,8,0
804,78,0,1,2,4,0
805,3,14,0,12,0,0
806,63,1,1,24,1,0
807,64,3,1,14,5,0
808,2,38,0,17,0,0
809,1,5,0,19,1,0
810,66,1,1,15,3,0
811,0,32,0,20,11,0
812,51,1,1,17,2,0
813,3,12,0,11,5,0
814,56,1,1,18,0,0
815,2,38,0,15,9,0
816,0,26,0,12,9,0
817,42,0,1,14,4,0
818,48,3,1,20,4,0
819,2,0,0,13,10,0
820,48,3,1,8,3,0
821,66,2,1,5,1,0
822,43,3,1,11,2,0
823,1,33,0,18,8,0
824,1,39,0,11,18,0
825,47,2,1,3,0,0
826,55,0,1,21,0,0
827,0,3,0,13,13,0
828,62,0,1,11,4,0
829,2,5,0,13,9,0
830,3,35,0,18,4,0
831,0,0,0,19,9,0
832,3,21,0,19,5,0
833,1,23,0,12,3,0
834,41,2,1,11,5,0
835,66,0,1,17,5,0
836,1,29,0,11,17,0
837,79,2,1,15,5,0
838,58,2,1,11,1,0
839,1,23,0,12,18,0
840,65,1,1,8,5,0
841,1,1,0,15,18,0
842,71,3,1,18,3,0
843,3,25,0,17,13,0
844,75,0,1,15,3,0
845,3,37,0,15,9,0
846,0,30,0,15,6,0
847,59,2,1,11,3,0
848,3,21,0,12,2,0
849,46,3,1,2,5,0
850,2,11,0,18,13,0
851,3,16,0,20,1,0
852,0,39,0,19,9,0
853,75,0,1,18,0,0
854,51,0,1,7,2,0
855,68,0,1,21,5,0
856,61,0,1,13,0,0
857,49,3,1,6,0,0
858,1,15,0,21,18,0
859,74,1,1,15,2,0
860,45,3,1,5,4,0
861,73,2,1,22,3,0
862,72,1,1,16,2,0
863,3,0,0,18,15,0
864,0,4,0,12,12,0
865,75,1,1,20,2,0
866,0,0,0,15,0,0
867,3,19,0,11,0,0
868,1,9,0,18,17,0
869,1,33,0,17,16,0
870,1,18,0,20,12,0
871,67,3,1,18,0,0
872,2,31,0,19,6,0
873,0,23,0,20,18,0
874,2,12,0,15,15,0
875,2,13,0,11,9,0
876,1,36,0,18,15,0
877,53,1,1,15,2,0
878,54,0,1,7,4,0
879,2,7,0,20,9,0
880,1,16,0,20,13,0
881,61,3,1,7,2,0
882,54,0,1,4,5,0
883,41,2,1,7,5,0
884,55,2,1,9,2,0
885,2,39,0,19,7,0
886,71,3,1,11,0,0
887,3,8,0,21,2,0
888,2,7,0,19,2,0
889,1,35,0,21,16,0
890,0,30,0,17,0,0
891,63,0,1,12,1,0
892,52,3,1,6,5,0
893,67,0,1,6,2,0
894,51,0,1,22,5,0
895,46,3,1,20,2,0
896,0,15,0,18,17,0
897,1,15,0,20,15,0
898,61,0,1,24,5,0
899,0,39,0,17,6,0
900,2,19,0,15,13,0
901,3,33,0,12,3,0
902,64,0,1,20,5,0
903,0,0,0,13,5,0
904,59,3,1,24,1,0
905,0,2,0,18,4,0
906,59,1,1,13,1,0
907,44,1,1,21,3,0
908,50,1,1,7,1,0
909,1,32,0,17,14,0
910,44,3,1,15,5,0
911,61,0,1,5,4,0
912,50,1,1,6,5,0
913,2,19,0,19,14,0
914,3,23,0,18,8,0
915,3,0,0,21,11,0
916,0,8,0,17,14,0
917,3,11,0,17,1,0
918,1,8,0,21,1,0
919,59,0,1,13,3,0
920,69,0,1,12,3,0
921,0,27,0,21,9,0
922,1,4,0,12,13,0
923,48,1,1,20,5,0
924,69,2,1,6,5,0
925,1,16,0,18,14,0
926,68,2,1,7,1,0
927,0,4,0,13,19,0
928,1,26,0,21,14,0
929,0,18,0,20,4,0
930,77,3,1,15,0,0
931,62,2,1,18,4,0
932,2,31,0,20,1,0
933,1,4,0,21,0,0
934,0,0,0,19,18,0
935,51,1,1,24,4,0
936,2,36,0,15,18,0
937,3,2,0,15,5,0
938,42,0,1,9,0,0
939,1,2,0,17,1,0
940,65,0,1,3,1,0
941,1,4,0,11,5,0
942,3,10,0,21,10,0
943,49,0,1,10,3,0
944,2,9,0,11,11,0
945,1,21,0,21,18,0
946,75,1,1,8,2,0
947,51,1,1,19,2,0
948,3,26,0,18,18,0
949,40,0,1,18,2,0
950,0,34,0,19,3,0
951,70,2,1,17,4,0
952,58,1,1,16,1,0
953,2,9,0,21,5,0
954,2,12,0,12,9,0
955,75,0,1,3,5,0
956,49,3,1,21,2,0
957,1,36,0,15,11,0
958,2,17,0,19,18,0
959,65,3,1,9,3,0
960,62,0,1,10,0,0
961,1,37,0,19,18,0
962,0,31,0,18,5,0
963,60,3,1,11,2,0
964,2,38,0,19,16,0
965,46,1,1,8,3,0
966,76,3,1,3,2,0
967,1,23,0,12,4,0
968,2,17,0,21,6,0
969,67,0,1,23,2,0
970,71,0,1,8,0,0
971,42,3,1,3,1,0
972,3,34,0,12,5,0
973,55,0,1,11,2,0
974,2,7,0,12,5,0
975,2,4,0,17,10,0
976,1,10,0,13,9,0
977,3,22,0,17,8,0
978,68,3,1,24,3,0
979,3,10,0,12,7,0
980,78,3,1,21,1,0
981,1,10,0,17,18,0
982,0,30,0,19,18,0
983,1,10,0,19,8,0
984,2,26,0,17,19,0
985,63,2,1,10,3,0
986,40,2,1,24,3,0
987,2,10,0,15,11,0
988,55,2,1,24,2,0
989,0,35,0,17,6,0
990,3,31,0,11,6,0
991,0,7,0,21,10,0
992,46,3,1,20,0,0
993,3,7,0,19,3,0
994,43,3,1,8,1,0
995,0,34,0,17,3,0
996,55,1,1,12,1,0
997,0,4,0,19,9,0
998,1,14,0,11,5,0
999,59,3,1,15,2,0
1000,0,26,0,12,18,0
1001,56,0,1,15,3,0
1002,3,27,0,11,12,0
1003,0,23,0,12,18,0
1004,3,37,0,19,6,0
1005,3,3,0,21,10,0
1006,59,0,1,24,2,0
1007,42,3,1,22,4,0
1008,68,3,1,21,5,0
1009,2,9,0,21,3,0
1010,1,0,0,17,2,0
1011,48,0,1,20,0,0
1012,0,27,0,21,6,0
1013,1,11,0,21,8,0
1014,2,11,0,17,15,0
1015,68,0,1,21,5,0
1016,3,18,0,18,0,0
1017,76,2,1,14,1,0
1018,50,1,1,15,5,0
1019,61,2,1,8,5,0
1020,3,20,0,15,8,0
1021,78,0,1,20,1,0
1022,1,28,0,17,16,0
1023,67,2,1,13,0,0
1024,1,10,0,12,15,0
1025,0,12,0,15,15,0
1026,2,22,0,15,17,0
1027,3,36,0,11,11,0
1028,3,17,0,13,0,0
1029,65,0,1,16,0,0
1030,2,11,0,15,14,0
1031,2,35,0,12,4,0
1032,70,0,1,15,0,0
1033,69,1,1,2,2,0
1034,3,22,0,20,15,0
1035,48,2,1,24,5,0
1036,1,34,0,13,5,0
1037,0,37,0,12,14,0
1038,3,38,0,13,3,0
1039,3,35,0,15,13,0
1040,0,27,0,20,0,0
1041,2,1,0,15,10,0
1042,2,11,0,12,2,0
1043,47,0,1,4,4,0
1044,0,9,0,15,14,0
1045,64,1,1,5,2,0
1046,3,31,0,17,18,0
1047,48,0,1,19,4,0
1048,71,3,1,5,0,0
1049,46,3,1,15,2,0
1050,2,26,0,12,4,0
1051,57,0,1,8,2,0
1052,2,16,0,21,12,0
1053,1,26,0,17,11,0
1054,41,3,1,2,1,0
1055,63,2,1,20,1,0
1056,57,3,1,8,5,0
1057,1,3,0,18,7,0
1058,55,1,1,2,0,0
1059,43,3,1,12,4,0
1060,1,33,0,19,7,0
1061,2,33,0,11,13,0
1062,3,22,0,12,16,0
1063,2,18,0,21,16,0
1064,64,2,1,23,1,0
1065,46,3,1,24,3,0
1066,54,3,1,13,1,0
1067,2,5,0,12,18,0
1068,55,0,1,6,1,0
1069,0,33,0,20,18,0
1070,3,25,0,17,2,0
1071,2,26,0,21,14,0
1072,43,1,1,15,3,0
1073,3,4,0,13,3,0
1074,1,21,0,15,3,0
1075,55,1,1,22,4,0
1076,2,0,0,15,10,0
1077,3,22,0,19,13,0
1078,45,0,1,6,5,0
1079,57,0,1,15,1,0
1080,74,2,1,5,3,0
1081,2,8,0,15,6,0
1082,69,0,1,12,2,0
1083,3,34,0,20,0,0
1084,66,3,1,24,4,0
1085,0,1,0,21,16,0
1086,0,18,0,17,4,0
1087,1,21,0,13,4,0
1088,74,2,1,13,0,0
1089,3,14,0,20,4,0
1090,41,3,1,19,5,0
1091,61,1,1,5,0,0
1092,1,33,0,12,12,0
1093,1,34,0,17,7,0
1094,58,3,1,4,2,0
1095,73,0,1,12,0,0
1096,2,8,0,17,7,0
1097,43,1,1,22,1,0
1098,3,39,0,18,0,0
1099,55,3,1,17,0,0
1100,0,22,0,19,15,0
1101,2,7,0,17,7,0
1102,68,3,1,9,3,0
1103,45,1,1,13,0,0
1104,2,36,0,12,2,0
1105,40,1,1,15,3,0
1106,58,1,1,10,0,0
1107,1,7,0,11,13,0
1108,0,30,0,13,3,0
1109,2,7,0,11,17,0
1110,1,17,0,13,5,0
1111,59,2,1,23,0,0
1112,2,20,0,21,18,0
1113,2,36,0,21,0,0
1114,78,3,1,18,3,0
1115,2,4,0,15,16,0
1116,2,21,0,17,18,0
1117,3,5,0,17,12,0
1118,61,0,1,20,3,0
1119,46,1,1,19,3,0
1120,72,3,1,14,3,0
1121,3,39,0,11,5,0
1122,57,2,1,15,4,0
1123,1,37,0,13,10,0
1124,64,1,1,14,3,0
1125,56,3,1,20,3,0
1126,0,29,0,18,15,0
1127,1,14,0,18,8,0
1128,52,2,1,12,4,0
1129,79,3,1,11,0,0
1130,1,22,0,15,6,0
1131,1,6,0,18,10,0
1132,61,3,1,20,0,0
1133,44,1,1,7,4,0
1134,2,32,0,18,3,0
1135,1,32,0,11,17,0
1136,0,4,0,18,18,0
1137,1,12,0,15,8,0
1138,64,1,1,9,3,0
1139,48,2,1,16,5,0
1140,2,23,0,18,7,0
1141,61,0,1,4,4,0
1142,64,1,1,7,5,0
1143,40,0,1,9,5,0
1144,2,31,0,13,0,0
1145,3,26,0,19,16,0
1146,3,11,0,17,4,0
1147,49,0,1,13,5,0
1148,1,29,0,17,13,0
1149,49,3,1,4,4,0
1150,68,0,1,11,4,0
1151,1,36,0,15,7,0
1152,1,24,0,18,5,0
1153,51,0,1,6,5,0
1154,65,2,1,5,3,0
1155,69,1,1,18,3,0
1156,43,2,1,24,4,0
1157,61,1,1,10,4,0
1158,1,29,0,21,18,0
1159,59,1,1,5,1,0
1160,74,2,1,21,1,0
1161,2,29,0,17,6,0
1162,0,32,0,17,19,0
1163,3,6,0,15,6,0
1164,3,19,0,18,3,0
1165,66,0,1,12,2,0
1166,1,11,0,19,11,0
1167,70,0,1,2,2,0
1168,57,3,1,17,3,0
1169,67,3,1,12,0,0
1170,2,24,0,20,2,0
1171,47,0,1,22,0,0
1172,75,3,1,16,4,0
1173,42,3,1,2,5,0
1174,1,14,0,12,3,0
1175,2,11,0,15,12,0
1176,0,22,0,15,1,0
1177,1,29,0,17,2,0
1178,67,1,1,22,4,0
1179,0,0,0,11,13,0
1180,68,2,1,24,4,0
1181,53,3,1,3,0,0
1182,0,1,0,13,19,0
1183,55,3,1,22,1,0
1184,70,3,1,22,1,0
1185,49,0,1,12,4,0
1186,52,0,1,23,3,0
1187,56,2,1,16,3,0
1188,54,2,1,17,3,0
1189,72,1,1,21,4,0
1190,2,0,0,20,3,0
1191,52,2,1,8,1,0
1192,1,28,0,20,17,0
1193,68,2,1,23,4,0
1194,47,3,1,17,5,0
1195,51,3,1,23,2,0
1196,76,0,1,11,4,0
1197,74,0,1,13,1,0
1198,2,1,0,19,8,0
1199,55,1,1,5,5,0
1200,60,0,1,21,1,0
1201,58,3,1,4,1,0
1202,2,34,0,12,14,0
1203,59,2,1,12,1,0
1204,0,10,0,17,4,0
1205,64,0,1,6,4,0
1206,66,3,1,9,3,0
1207,59,2,1,12,3,0
1208,1,18,0,19,16,0
1209,2,32,0,13,10,0
1210,2,14,0,21,16,0
1211,72,2,1,23,5,0
1212,3,36,0,15,4,0
1213,2,21,0,20,5,0
1214,50,0,1,16,2,0
1215,2,20,0,18,16,0
1216,0,21,0,18,1,0
1217,61,0,1,24,0,0
1218,3,17,0,11,3,0
1219,1,7,0,18,2,0
1220,3,27,0,11,5,0
1221,41,3,1,18,4,0
1222,63,3,1,23,2,0
1223,48,2,1,20,1,0
1224,0,38,0,20,11,0
1225,3,8,0,18,12,0
1226,75,1,1,8,2,0
1227,70,0,1,7,5,0
1228,71,0,1,12,0,0
1229,52,3,1,20,0,0
1230,3,3,0,12,17,0
1231,2,14,0,19,16,0
1232,1,13,0,18,3,0
1233,72,2,1,22,1,0
1234,57,3,1,13,0,0
1235,58,3,1,5,5,0
1236,3,20,0,17,16,0
1237,3,33,0,17,15,0
1238,1,19,0,15,13,0
1239,2,28,0,19,2,0
1240,3,26,0,15,15,0
1241,45,2,1,12,1,0
1242,1,20,0,20,17,0
1243,66,3,1,5,0,0
1244,72,3,1,19,3,0
1245,2,22,0,15,4,0
1246,1,9,0,12,11,0
1247,3,25,0,18,8,0
1248,49,3,1,20,2,0
1249,43,0,1,8,5,0
1250,2,15,0,19,17,0
1251,73,2,1,9,5,0
1252,1,16,0,18,17,0
1253,48,1,1,4,2,0
1254,41,0,1,14,2,0
1255,60,2,1,15,2,0
1256,65,1,1,8,0,0
1257,2,32,0,12,16,0
1258,41,0,1,15,3,0
1259,0,12,0,18,10,0
1260,73,1,1,7,0,0
1261,78,3,1,5,5,0
1262,3,30,0,18,5,0
1263,3,12,0,13,16,0
1264,45,3,1,24,2,0
1265,71,0,1,19,4,0
1266,73,0,1,16,3,0
1267,55,2,1,18,0,0
1268,3,3,0,11,7,0
1269,2,25,0,12,7,0
1270,51,1,1,20,0,0
1271,3,17,0,12,12,0
1272,2,15,0,21,13,0
1273,2,13,0,19,16,0
1274,62,0,1,10,5,0
1275,73,1,1,2,2,0
1276,63,0,1,9,3,0
1277,61,0,1,8,5,0
1278,1,18,0,17,17,0
1279,0,28,0,20,3,0
1280,0,25,0,20,4,0
1281,0,31,0,12,16,0
1282,44,3,1,12,1,0
1283,58,0,1,24,4,0
1284,79,0,1,7,3,0
1285,1,26,0,21,8,0
1286,67,3,1,19,4,0
1287,44,3,1,2,3,0
1288,53,0,1,12,1,0
1289,48,0,1,21,2,0
1290,2,16,0,11,4,0
1291,1,36,0,18,9,0
1292,79,2,1,24,5,0
1293,59,1,1,10,1,0
1294,59,1,1,9,0,0
1295,68,2,1,3,3,0
1296,43,0,1,7,2,0
1297,0,10,0,17,1,0
1298,59,3,1,10,3,0
1299,3,39,0,11,12,0
1300,49,1,1,22,3,0
1301,3,9,0,12,16,0
1302,2,22,0,11,6,0
1303,2,37,0,19,4,0
1304,1,5,0,11,6,0
1305,2,13,0,19,15,0
1306,3,5,0,19,1,0
1307,3,18,0,11,9,0
1308,1,10,0,21,5,0
1309,0,15,0,11,8,0
1310,3,37,0,19,15,0
1311,0,14,0,12,12,0
1312,45,0,1,18,4,0
1313,3,35,0,18,2,0
1314,69,3,1,2,0,0
1315,2,11,0,17,7,0
1316,0,31,0,12,17,0
1317,3,37,0,15,14,0
1318,0,14,0,18,4,0
1319,69,3,1,18,2,0
1320,1,37,0,15,8,0
1321,76,0,1,2,0,0
1322,1,6,0,13,15,0
1323,2,29,0,18,6,0
1324,3,38,0,15,1,0
1325,67,0,1,4,2,0
1326,0,17,0,19,10,0
1327,62,0,1,16,0,0
1328,2,33,0,13,15,0
1329,78,0,1,11,0,0
1330,69,1,1,17,2,0
1331,3,16,0,15,14,0
1332,61,1,1,2,3,0
1333,2,17,0,17,9,0
1334,53,2,1,17,1,0
1335,61,3,1,7,4,0
1336,1,16,0,18,13,0
1337,3,22,0,21,18,0
1338,70,1,1,10,1,0
1339,61,0,1,14,4,0
1340,68,1,1,19,2,0
1341,3,9,0,15,17,0
1342,79,1,1,23,3,0
1343,53,3,1,21,5,0
1344,56,1,1,2,3,0
1345,45,2,1,12,5,0
1346,79,1,1,2,2,0
1347,1,34,0,12,17,0
1348,67,2,1,17,3,0
1349,1,19,0,21,15,0
1350,3,1,0,20,8,0
1351,69,1,1,10,3,0
1352,57,1,1,7,5,0
1353,77,0,1,24,1,0
1354,1,5,0,17,10,0
1355,1,2,0,17,12,0
1356,69,3,1,18,5,0
1357,1,16,0,20,0,0
1358,73,0,1,17,0,0
1359,0,17,0,15,10,0
1360,59,3,1,3,1,0
1361,47,1,1,8,1,0
1362,1,12,0,18,7,0
1363,1,15,0,13,2,0
1364,2,32,0,19,14,0
1365,73,0,1,22,2,0
1366,0,15,0,15,15,0
1367,47,1,1,14,2,0
1368,65,0,1,21,0,0
1369,1,30,0,15,2,0
1370,2,23,0,17,10,0
1371,55,1,1,21,2,0
1372,2,17,0,18,4,0
1373,50,3,1,18,0,0
1374,2,14,0,20,6,0
1375,71,2,1,22,3,0
1376,44,1,1,10,0,0
1377,42,0,1,2,3,0
1378,64,1,1,14,3,0
1379,1,11,0,17,18,0
1380,61,3,1,11,5,0
1381,56,0,1,15,3,0
1382,1,23,0,13,16,0
1383,78,2,1,8,0,0
1384,66,0,1,10,4,0
1385,47,0,1,17,4,0
1386,56,1,1,5,0,0
1387,78,2,1,8,2,0
1388,1,36,0,20,10,0
1389,2,0,0,18,1,0
1390,1,37,0,18,6,0
1391,67,2,1,17,2,0
1392,41,3,1,7,2,0
1393,3,31,0,12,11,0
1394,3,17,0,21,1,0
1395,45,3,1,10,3,0
1396,1,28,0,12,16,0
1397,2,34,0,15,8,0
1398,42,3,1,10,1,0
1399,64,3,1,22,0,0
1400,53,3,1,8,2,0
1401,2,22,0,15,18,0
1402,1,25,0,11,17,0
1403,65,2,1,13,4,0
1404,0,26,0,20,13,0
1405,0,4,0,17,4,0
1406,0,38,0,17,0,0
1407,57,0,1,22,1,0
1408,3,36,0,18,10,0
1409,73,1,1,20,4,0
1410,66,0,1,24,4,0
1411,76,3,1,10,3,0
1412,0,9,0,18,18,0
1413,0,0,0,21,2,0
1414,68,3,1,11,2,0
1415,73,0,1,17,5,0
1416,73,3,1,20,4,0
1417,0,15,0,13,13,0
1418,74,1,1,22,5,0
1419,42,3,1,2,3,0
1420,77,3,1,11,2,0
1421,1,15,0,18,6,0
1422,0,37,0,11,19,0
1423,1,6,0,15,10,0
1424,48,3,1,20,1,0
1425,56,2,1,2,2,0
1426,0,32,0,19,17,0
1427,0,24,0,18,18,0
1428,0,14,0,21,5,0
1429,69,1,1,19,5,0
1430,53,0,1,5,2,0
1431,2,16,0,20,14,0
1432,48,0,1,20,2,0
1433,0,29,0,19,1,0
1434,44,2,1,24,0,0
1435,3,2,0,15,3,0
1436,57,3,1,16,5,0
1437,2,37,0,17,15,0
1438,1,15,0,11,17,0
1439,1,24,0,15,6,0
1440,0,32,0,12,0,0
1441,3,23,0,20,12,0
1442,43,2,1,6,1,0
1443,2,6,0,18,16,0
1444,2,32,0,18,17,0
1445,0,3,0,17,5,0
1446,3,3,0,15,12,0
1447,58,3,1,16,0,0
1448,53,0,1,17,5,0
1449,63,0,1,21,2,0
1450,1,16,0,21,9,0
1451,42,1,1,13,0,0
1452,54,3,1,17,5,0
1453,0,24,0,19,17,0
1454,46,1,1,16,1,0
1455,50,1,1,12,3,0
1456,41,2,1,10,5,0
1457,58,0,1,7,2,0
1458,0,39,0,12,2,0
1459,63,1,1,17,2,0
1460,1,0,0,15,15,0
1461,0,30,0,21,3,0
1462,65,0,1,2,4,0
1463,64,3,1,3,2,0
1464,2,36,0,13,17,0
1465,1,35,0,13,4,0
1466,1,30,0,13,7,0
1467,2,5,0,11,13,0
1468,0,1,0,12,6,0
1469,1,32,0,11,7,0
1470,47,1,1,3,3,0
1471,3,2,0,21,15,0
1472,0,11,0,21,11,0
1473,2,22,0,21,17,0
1474,0,4,0,17,2,0
1475,61,3,1,15,1,0
1476,48,0,1,21,3,0
1477,0,32,0,15,9,0
1478,3,28,0,21,18,0
1479,77,3,1,5,1,0
1480,3,7,0,21,18,0
1481,0,36,0,21,6,0
1482,78,3,1,12,1,0
1483,56,3,1,19,1,0
1484,0,12,0,15,11,0
1485,47,1,1,3,1,0
1486,2,12,0,18,13,0
1487,49,0,1,3,2,0
1488,2,29,0,18,17,0
1489,73,1,1,22,4,0
1490,3,6,0,19,11,0
1491,2,20,0,12,15,0
1492,1,2,0,19,0,0
1493,55,2,1,12,5,0
1494,1,35,0,20,17,0
1495,63,1,1,3,5,0
1496,67,3,1,14,1,0
1497,3,1,0,17,10,0
1498,56,1,1,14,5,0
1499,58,1,1,22,4,0
1500,51,0,1,4,3,0
1501,3,34,0,20,7,0
1502,44,0,1,10,2,0
1503,2,8,0,11,5,0
1504,1,27,0,20,15,0
1505,78,0,1,22,1,0
1506,1,15,0,20,5,0
1507,0,3,0,15,5,0
1508,0,15,0,20,8,0
1509,54,3,1,21,0,0
1510,76,1,1,9,5,0
1511,2,32,0,21,15,0
1512,56,1,1,4,4,0
1513,62,3,1,6,3,0
1514,1,27,0,21,11,0
1515,3,20,0,13,1,0
1516,71,2,1,5,2,0
1517,2,9,0,13,12,0
1518,68,3,1,6,1,0
1519,3,29,0,12,0,0
1520,78,3,1,4,2,0
1521,77,3,1,5,1,0
1522,0,18,0,19,1,0
1523,2,30,0,18,14,0
1524,2,11,0,21,7,0
1525,1,1,0,20,10,0
1526,58,3,1,7,5,0
1527,1,6,0,11,4,0
1528,3,38,0,21,14,0
1529,45,2,1,23,5,0
1530,2,9,0,17,14,0
1531,3,7,0,18,13,0
1532,77,2,1,4,0,0
1533,52,0,1,13,1,0
1534,2,12,0,17,9,0
1535,3,23,0,20,16,0
1536,3,34,0,15,17,0
1537,3,11,0,21,8,0
1538,0,32,0,19,16,0
1539,62,1,1,15,1,0
1540,1,20,0,11,6,0
1541,74,1,1,13,1,0
1542,78,2,1,2,5,0
1543,67,2,1,21,1,0
1544,2,4,0,12,19,0
1545,1,30,0,11,3,0
1546,3,17,0,18,5,0
1547,56,1,1,19,2,0
1548,0,6,0,21,14,0
1549,70,1,1,22,4,0
1550,47,2,1,4,1,0
1551,0,11,0,15,2,0
1552,0,30,0,17,5,0
1553,52,0,1,18,1,0
1554,49,2,1,17,0,0
1555,57,1,1,17,3,0
1556,1,15,0,21,12,0
1557,63,3,1,14,0,0
1558,3,6,0,12,14,0
1559,0,28,0,12,4,0
1560,45,1,1,12,2,0
1561,3,7,0,11,5,0
1562,56,0,1,20,3,0
1563,2,20,0,13,18,0
1564,53,1,1,14,5,0
1565,68,3,1,18,5,0
1566,3,3,0,19,11,0
1567,0,9,0,15,17,0
1568,2,20,0,15,11,0
1569,42,3,1,2,2,0
1570,3,4,0,13,2,0
1571,1,14,0,11,3,0
1572,3,17,0,15,13,0
1573,61,0,1,24,1,0
1574,42,0,1,19,2,0
1575,1,36,0,18,0,0
1576,1,9,0,11,3,0
1577,1,27,0,21,18,0
1578,3,16,0,15,18,0
1579,0,12,0,18,5,0
1580,71,1,1,21,0,0
1581,70,2,1,19,5,0
1582,0,22,0,17,6,0
1583,68,1,1,16,0,0
1584,2,10,0,18,18,0
1585,56,1,1,9,5,0
1586,2,31,0,11,17,0
1587,61,0,1,9,4,0
1588,1,36,0,12,3,0
1589,3,12,0,11,17,0
1590,42,2,1,7,3,0
1591,3,31,0,12,4,0
1592,3,2,0,18,1,0
1593,69,1,1,5,1,0
1594,0,19,0,18,13,0
1595,3,5,0,20,8,0
1596,78,3,1,7,0,0
1597,0,20,0,13,2,0
1598,69,3,1,19,0,0
1599,3,34,0,20,12,0
1600,1,11,0,21,9,0
1601,1,9,0,21,2,0
1602,64,1,1,15,3,0
1603,0,17,0,18,6,0
1604,75,0,1,19,2,0
1605,1,18,0,12,3,0
1606,3,3,0,12,12,0
1607,2,12,0,19,4,0
1608,63,1,1,19,4,0
1609,75,2,1,11,0,0
1610,60,0,1,9,4,0
1611,0,20,0,21,3,0
1612,0,19,0,13,12,0
1613,70,3,1,17,2,0
1614,57,3,1,4,1,0
1615,0,0,0,15,10,0
1616,2,18,0,21,11,0
1617,1,9,0,11,16,0
1618,52,2,1,5,3,0
1619,45,1,1,13,5,0
1620,57,3,1,17,0,0
1621,74,2,1,9,2,0
1622,62,3,1,2,0,0
1623,46,1,1,4,0,0
1624,56,2,1,18,4,0
1625,60,3,1,9,0,0
1626,1,39,0,15,17,0
1627,64,3,1,23,5,0
1628,77,3,1,14,1,0
1629,3,39,0,15,3,0
1630,1,0,0,21,0,0
1631,1,8,0,18,6,0
1632,44,3,1,3,1,0
1633,41,1,1,13,3,0
1634,41,0,1,12,3,0
1635,53,2,1,17,3,0
1636,78,0,1,24,2,0
1637,3,36,0,13,1,0
1638,1,14,0,20,11,0
1639,57,3,1,7,2,0
1640,2,35,0,21,8,0
1641,71,2,1,16,3,0
1642,66,3,1,12,3,0
1643,72,1,1,16,2,0
1644,3,28,0,18,16,0
1645,45,0,1,8,0,0
1646,65,2,1,21,2,0
1647,49,3,1,13,3,0
1648,51,0,1,6,5,0
1649,0,39,0,13,11,0
1650,56,2,1,20,1,0
1651,2,27,0,19,18,0
1652,63,1,1,11,4,0
1653,3,29,0,15,1,0
1654,1,18,0,17,9,0
1655,49,0,1,12,2,0
1656,0,24,0,20,13,0
1657,3,28,0,12,5,0
1658,1,39,0,19,16,0
1659,2,24,0,21,5,0
1660,49,0,1,11,2,0
1661,66,3,1,24,2,0
1662,43,2,1,12,2,0
1663,75,0,1,8,1,0
1664,0,0,0,11,8,0
1665,40,0,1,2,5,0
1666,3,1,0,20,12,0
1667,72,3,1,15,1,0
1668,60,3,1,9,2,0
1669,70,3,1,10,5,0
1670,1,10,0,21,0,0
1671,43,3,1,9,4,0
1672,61,0,1,9,5,0
1673,0,8,0,17,9,0
1674,41,0,1,17,3,0
1675,2,23,0,17,0,0
1676,0,18,0,21,13,0
1677,0,11,0,18,18,0
1678,61,2,1,21,5,0
1679,2,29,0,12,9,0
1680,78,3,1,24,5,0
1681,40,3,1,20,4,0
1682,1,28,0,15,8,0
1683,3,35,0,19,6,0
1684,1,22,0,13,18,0
1685,44,0,1,14,5,0
1686,75,2,1,12,2,0
1687,3,7,0,11,14,0
1688,74,0,1,16,3,0
1689,1,5,0,19,14,0
1690,41,3,1,11,2,0
1691,41,1,1,16,3,0
1692,3,22,0,21,18,0
1693,79,0,1,14,0,0
1694,42,2,1,14,5,0
1695,78,1,1,18,0,0
1696,0,13,0,20,11,0
1697,73,3,1,22,2,0
1698,1,20,0,12,3,0
1699,49,2,1,14,0,0
1700,68,0,1,10,5,0
1701,1,31,0,13,16,0
1702,2,15,0,13,7,0
1703,1,2,0,17,13,0
1704,57,3,1,24,1,0
1705,56,2,1,23,2,0
1706,0,20,0,13,16,0
1707,3,7,0,17,9,0
1708,70,0,1,2,0,0
1709,3,4,0,20,13,0
1710,55,3,1,19,4,0
1711,68,1,1,10,2,0
1712,75,2,1,22,2,0
1713,0,36,0,21,16,0
1714,56,2,1,15,3,0
1715,3,34,0,15,6,0
1716,53,2,1,8,0,0
1717,79,3,1,18,2,0
1718,53,1,1,5,0,0
1719,2,34,0,17,9,0
1720,72,3,1,5,2,0
1721,73,1,1,14,4,0
1722,66,1,1,21,5,0
1723,0,22,0,18,9,0
1724,52,0,1,12,4,0
1725,2,7,0,21,4,0
1726,58,3,1,10,4,0
1727,54,1,1,20,1,0
1728,64,2,1,8,1,0
1729,41,1,1,12,0,0
1730,50,2,1,18,4,0
1731,1,7,0,12,1,0
1732,63,0,1,19,1,0
1733,3,5,0,17,5,0
1734,3,19,0,21,6,0
1735,51,1,1,17,0,0
1736,2,17,0,20,5,0
1737,0,38,0,11,13,0
1738,51,2,1,10,3,0
1739,44,3,1,24,1,0
1740,1,6,0,21,4,0
1741,57,1,1,2,5,0
1742,49,1,1,19,0,0
1743,1,15,0,21,14,0
1744,63,3,1,8,2,0
1745,1,1,0,18,8,0
1746,59,2,1,5,0,0
1747,3,14,0,18,0,0
1748,1,31,0,13,13,0
1749,0,36,0,17,10,0
1750,61,2,1,2,5,0
1751,2,6,0,12,5,0
1752,3,36,0,17,16,0
1753,55,0,1,14,2,0
1754,78,0,1,23,4,0
1755,71,0,1,20,0,0
1756,0,15,0,17,7,0
1757,71,2,1,3,2,0
1758,47,2,1,18,2,0
1759,50,1,1,21,3,0
1760,3,26,0,15,3,0
1761,77,2,1,2,5,0
1762,0,32,0,15,12,0
1763,2,29,0,17,9,0
1764,1,30,0,11,4,0
1765,61,2,1,20,3,0
1766,0,35,0,20,9,0
1767,1,11,0,11,5,0
1768,76,1,1,17,5,0
1769,54,1,1,8,1,0
1770,58,0,1,8,0,0
1771,1,20,0,20,16,0
1772,44,3,1,24,1,0
1773,66,2,1,9,0,0
1774,1,38,0,18,19,0
1775,71,2,1,2,1,0
1776,41,1,1,14,1,0
1777,57,1,1,12,5,0
1778,75,3,1,21,3,0
1779,0,11,0,19,4,0
1780,0,16,0,13,19,0
1781,1,19,0,17,3,0
1782,53,3,1,13,5,0
1783,62,2,1,14,0,0
1784,1,25,0,19,6,0
1785,79,3,1,24,4,0
1786,1,20,0,19,7,0
1787,72,1,1,3,1,0
1788,0,2,0,21,3,0
1789,2,26,0,19,3,0
1790,69,0,1,3,0,0
1791,2,34,0,18,12,0
1792,3,14,0,21,11,0
1793,73,0,1,11,2,0
1794,1,5,0,21,9,0
1795,0,8,0,11,14,0
1796,1,28,0,20,19,0
1797,3,29,0,19,13,0
1798,42,2,1,11,3,0
1799,56,2,1,19,1,0
1800,2,38,0,19,6,0
1801,2,1,0,21,0,0
1802,47,1,1,6,1,0
1803,62,1,1,2,0,0
1804,0,24,0,11,16,0
1805,2,39,0,12,6,0
1806,1,16,0,15,9,0
1807,3,13,0,20,2,0
1808,68,3,1,16,3,0
1809,77,0,1,2,4,0
1810,76,2,1,11,0,0
1811,3,0,0,13,4,0
1812,0,22,0,19,5,0
1813,54,1,1,5,4,0
1814,44,3,1,4,4,0
1815,1,19,0,17,10,0
1816,3,32,0,13,8,0
1817,70,0,1,21,2,0
1818,41,1,1,16,2,0
1819,1,37,0,12,15,0
1820,2,17,0,15,12,0
1821,3,6,0,12,12,0
1822,2,38,0,21,8,0
1823,3,24,0,11,5,0
1824,0,32,0,18,6,0
1825,79,0,1,8,5,0
1826,1,23,0,18,9,0
1827,2,9,0,13,16,0
1828,1,6,0,11,5,0
1829,61,3,1,4,4,0
1830,57,0,1,6,4,0
1831,0,5,0,13,8,0
1832,0,10,0,21,13,0
1833,73,3,1,9,0,0
1834,50,0,1,15,0,0
1835,2,29,0,13,3,0
1836,42,3,1,3,3,0
1837,72,2,1,11,4,0
1838,2,5,0,19,4,0
1839,55,2,1,10,0,0
1840,64,2,1,10,5,0
1841,79,1,1,5,5,0
1842,77,3,1,2,3,0
1843,3,18,0,18,2,0
1844,1,17,0,12,7,0
1845,61,2,1,7,2,0
1846,2,2,0,20,10,0
1847,52,0,1,6,2,0
1848,0,22,0,17,4,0
1849,53,2,1,13,2,0
1850,3,19,0,11,0,0
1851,73,0,1,23,1,0
1852,66,3,1,10,1,0
1853,51,3,1,11,1,0
1854,3,20,0,12,18,0
1855,42,1,1,9,1,0
1856,62,3,1,14,3,0
1857,64,2,1,6,0,0
1858,2,12,0,21,4,0
1859,2,38,0,15,18,0
1860,2,5,0,15,9,0
1861,1,33,0,21,19,0
1862,46,3,1,3,3,0
1863,50,0,1,9,1,0
1864,47,1,1,19,0,0
1865,2,32,0,13,19,0
1866,2,18,0,19,4,0
1867,48,3,1,22,4,0
1868,66,3,1,20,2,0
1869,1,9,0,13,11,0
1870,68,3,1,11,0,0
1871,2,2,0,11,7,0
1872,1,28,0,18,5,0
1873,54,2,1,15,1,0
1874,48,0,1,4,4,0
1875,2,25,0,20,18,0
1876,66,2,1,24,0,0
1877,2,26,0,19,0,0
1878,0,18,0,13,9,0
1879,2,35,0,18,7,0
1880,57,3,1,12,5,0
1881,0,13,0,20,5,0
1882,41,0,1,23,0,0
1883,67,2,1,5,3,0
1884,44,1,1,21,3,0
1885,68,2,1,13,4,0
1886,67,0,1,5,1,0
1887,63,0,1,5,3,0
1888,3,1,0,17,15,0
1889,3,4,0,17,16,0
1890,53,3,1,4,2,0
1891,0,14,0,11,19,0
1892,45,3,1,4,2,0
1893,1,25,0,11,2,0
1894,1,8,0,13,15,0
1895,1,14,0,17,8,0
1896,1,21,0,19,4,0
1897,3,26,0,11,10,0
1898,47,1,1,14,1,0
1899,42,3,1,4,5,0
1900,75,3,1,13,2,0
1901,3,15,0,13,18,0
1902,43,3,1,2,1,0
1903,51,3,1,4,3,0
1904,40,1,1,6,2,0
1905,3,6,0,11,5,0
1906,71,0,1,10,1,0
1907,44,1,1,14,4,0
1908,66,1,1,7,2,0
1909,56,1,1,19,4,0
1910,74,2,1,23,1,0
1911,1,9,0,13,19,0
1912,56,0,1,12,0,0
1913,69,2,1,5,4,0
1914,62,0,1,13,2,0
1915,78,0,1,12,4,0
1916,46,0,1,12,4,0
1917,55,3,1,10,1,0
1918,2,31,0,13,13,0
1919,2,33,0,15,15,0
1920,60,1,1,13,1,0
1921,55,0,1,4,2,0
1922,47,2,1,20,2,0
1923,2,10,0,20,12,0
1924,67,2,1,14,3,0
1925,3,9,0,17,7,0
1926,51,3,1,11,2,0
1927,44,0,1,20,4,0
1928,2,10,0,11,7,0
1929,3,1,0,18,14,0
1930,52,0,1,22,2,0
1931,63,3,1,8,2,0
1932,0,1,0,21,10,0
1933,54,0,1,18,4,0
1934,2,32,0,20,9,0
1935,3,26,0,18,9,0
1936,2,31,0,12,4,0
1937,51,0,1,5,3,0
1938,79,1,1,15,2,0
1939,1,11,0,12,16,0
1940,64,0,1,12,4,0
1941,67,3,1,23,4,0
1942,48,2,1,16,0,0
1943,50,0,1,14,4,0
1944,45,1,1,20,0,0
1945,2,28,0,15,17,0
1946,3,31,0,18,17,0
1947,3,1,0,19,5,0
1948,3,35,0,17,15,0
1949,1,7,0,21,6,0
1950,0,7,0,20,19,0
1951,56,3,1,5,0,0
1952,43,2,1,15,2,0
1953,2,22,0,11,18,0
1954,46,1,1,16,3,0
1955,43,2,1,24,5,0
1956,63,2,1,21,4,0
1957,3,10,0,17,2,0
1958,56,3,1,6,0,0
1959,42,0,1,2,4,0
1960,0,10,0,19,3,0
1961,0,38,0,18,19,0
1962,64,3,1,22,4,0
1963,58,3,1,15,0,0
1964,3,31,0,17,15,0
1965,48,0,1,2,1,0
1966,71,2,1,3,5,0
1967,1,21,0,15,13,0
1968,48,3,1,13,3,0
1969,55,1,1,4,2,0
1970,2,19,0,15,17,0
1971,66,1,1,22,4,0
1972,2,12,0,20,2,0
1973,54,1,1,17,5,0
1974,2,25,0,17,5,0
1975,2,25,0,20,12,0
1976,75,0,1,21,3,0
1977,78,1,1,12,1,0
1978,2,10,0,15,1,0
1979,71,1,1,6,3,0
1980,2,27,0,21,1,0
1981,49,2,1,14,3,0
1982,1,34,0,18,8,0
1983,0,25,0,15,10,0
1984,0,19,0,13,6,0
1985,0,22,0,19,11,0
1986,65,0,1,4,5,0
1987,73,0,1,10,4,0
1988,66,2,1,15,0,0
1989,63,0,1,21,1,0
1990,3,22,0,11,5,0
1991,3,16,0,13,0,0
1992,58,2,1,2,0,0
1993,1,4,0,19,12,0
1994,2,6,0,18,12,0
1995,1,15,0,21,13,0
1996,0,25,0,20,19,0
1997,2,18,0,13,7,0
1998,3,30,0,13,10,0
1999,1,36,0,13,5,0
2000,75,3,1,19,1,0
2001,3,34,0,12,5,0
2002,3,0,0,13,18,0
2003,63,1,1,20,2,0
2004,3,18,0,20,11,0
2005,2,36,0,13,1,0
2006,2,11,0,11,3,0
2007,2,30,0,13,1,0
2008,49,1,1,8,3,0
2009,68,3,1,20,5,0
2010,52,3,1,16,1,0
2011,65,3,1,8,5,0
2012,0,21,0,19,13,0
2013,57,2,1,4,0,0
2014,51,3,1,13,2,0
2015,62,0,1,4,2,0
2016,74,1,1,21,2,0
2017,75,2,1,15,5,0
2018,3,23,0,17,16,0
2019,61,2,1,24,1,0
2020,49,1,1,3,3,0
2021,67,1,1,17,2,0
2022,3,14,0,19,15,0
2023,0,23,0,18,17,0
2024,42,1,1,5,0,0
2025,2,29,0,21,15,0
2026,49,1,1,23,2,0
2027,50,0,1,20,1,0
2028,49,3,1,13,1,0
2029,0,27,0,13,8,0
2030,3,20,0,18,8,0
2031,65,0,1,22,3,0
2032,0,25,0,18,15,0
2033,2,9,0,18,16,0
2034,58,0,1,12,0,0
2035,46,2,1,5,5,0
2036,79,1,1,2,0,0
2037,64,2,1,14,0,0
2038,46,0,1,21,5,0
2039,2,10,0,15,1,0
2040,41,1,1,21,0,0
2041,1,30,0,21,9,0
2042,64,1,1,17,5,0
2043,52,3,1,19,5,0
2044,56,1,1,18,2,0
2045,67,3,1,24,1,0
2046,1,16,0,15,19,0
2047,57,1,1,24,1,0
2048,58,1,1,3,3,0
2049,1,15,0,15,2,0
2050,69,0,1,9,5,0
2051,2,17,0,18,3,0
2052,2,6,0,15,0,0
2053,42,1,1,3,5,0
2054,53,3,1,24,0,0
2055,3,8,0,19,2,0
2056,48,3,1,14,5,0
2057,46,2,1,5,4,0
2058,0,2,0,19,19,0
2059,78,1,1,11,2,0
2060,44,2,1,17,0,0
2061,2,14,0,17,15,0
2062,0,16,0,20,6,0
2063,72,0,1,11,3,0
2064,73,3,1,17,5,0
2065,42,0,1,21,2,0
2066,70,0,1,10,5,0
2067,55,0,1,12,2,0
2068,47,1,1,13,5,0
2069,1,32,0,13,3,0
2070,64,0,1,23,5,0
2071,0,2,0,11,13,0
2072,1,20,0,19,19,0
2073,2,23,0,12,13,0
2074,0,8,0,11,6,0
2075,65,3,1,24,4,0
2076,72,2,1,23,5,0
2077,1,29,0,20,8,0
2078,56,3,1,13,1,0
2079,75,0,1,4,3,0
2080,1,23,0,12,19,0
2081,2,8,0,15,15,0
2082,1,8,0,11,2,0
2083,0,0,0,19,8,0
2084,1,27,0,17,1,0
2085,1,5,0,12,19,0
2086,54,3,1,17,3,0
2087,61,1,1,14,2,0
2088,53,0,1,7,3,0
2089,2,28,0,15,15,0
2090,3,11,0,21,0,0
2091,59,3,1,4,3,0
2092,3,30,0,19,13,0
2093,2,21,0,19,0,0
2094,46,0,1,2,0,0
2095,1,8,0,19,8,0
2096,78,0,1,18,3,0
2097,53,3,1,8,3,0
2098,2,9,0,19,9,0
2099,0,31,0,15,3,0
2100,3,31,0,17,11,0
2101,62,0,1,3,0,0
2102,0,28,0,12,5,0
2103,48,3,1,15,0,0
2104,0,5,0,15,2,0
2105,3,6,0,19,5,0
2106,2,19,0,15,7,0
2107,44,2,1,15,5,0
2108,0,20,0,13,17,0
2109,0,15,0,18,1,0
2110,2,22,0,20,2,0
2111,3,38,0,12,14,0
2112,57,1,1,9,4,0
2113,3,16,0,21,9,0
2114,47,3,1,11,2,0
2115,1,28,0,18,19,0
2116,0,9,0,21,19,0
2117,74,2,1,18,3,0
2118,2,21,0,15,4,0
2119,73,1,1,13,1,0
2120,57,2,1,10,4,0
2121,41,2,1,17,2,0
2122,46,0,1,11,5,0
2123,0,16,0,18,13,0
2124,69,2,1,14,2,0
2125,1,34,0,19,0,0
2126,40,3,1,10,0,0
2127,2,33,0,17,5,0
2128,47,0,1,24,0,0
2129,3,39,0,18,13,0
2130,1,27,0,21,18,0
2131,45,3,1,2,4,0
2132,48,2,1,23,2,0
2133,52,1,1,13,5,0
2134,3,11,0,11,8,0
2135,1,12,0,12,13,0
2136,0,33,0,11,7,0
2137,47,2,1,8,5,0
2138,57,3,1,12,4,0
2139,1,35,0,18,15,0
2140,55,3,1,19,1,0
2141,0,5,0,15,11,0
2142,40,2,1,13,5,0
2143,62,1,1,21,5,0
2144,72,0,1,16,4,0
2145,1,28,0,13,14,0
2146,51,1,1,17,2,0
2147,75,3,1,14,2,0
2148,79,2,1,6,3,0
2149,0,21,0,17,17,0
2150,0,32,0,15,4,0
2151,44,2,1,9,1,0
2152,57,1,1,14,2,0
2153,3,20,0,15,13,0
2154,75,0,1,7,0,0
2155,0,26,0,13,12,0
2156,2,28,0,19,19,0
2157,0,16,0,11,16,0
2158,3,35,0,19,19,0
2159,2,36,0,21,4,0
2160,2,14,0,15,6,0
2161,1,18,0,13,9,0
2162,1,22,0,12,7,0
2163,60,1,1,21,4,0
2164,56,2,1,23,1,0
2165,3,30,0,11,9,0
2166,2,6,0,17,8,0
2167,2,22,0,17,12,0
2168,2,3,0,18,8,0
2169,69,2,1,21,4,0
2170,3,32,0,15,16,0
2171,50,2,1,7,5,0
2172,55,0,1,13,2,0
2173,0,20,0,12,10,0
2174,1,13,0,18,11,0
2175,74,1,1,5,5,0
2176,3,2,0,18,0,0
2177,3,6,0,21,9,0
2178,1,7,0,17,19,0
2179,53,1,1,17,2,0
2180,55,3,1,24,2,0
2181,0,33,0,18,11,0
2182,52,0,1,8,3,0
2183,54,3,1,17,5,0
2184,78,2,1,13,1,0
2185,0,19,0,18,19,0
2186,0,14,0,11,10,0
2187,46,3,1,6,5,0
2188,59,0,1,5,4,0
2189,61,0,1,12,1,0
2190,0,5,0,19,3,0
2191,58,1,1,24,5,0
2192,48,1,1,7,5,0
2193,68,0,1,2,5,0
2194,57,1,1,6,1,0
2195,56,3,1,22,0,0
2196,78,3,1,14,4,0
2197,72,3,1,10,2,0
2198,45,0,1,7,4,0
2199,59,2,1,23,2,0
2200,54,0,1,5,4,0
2201,0,9,0,12,13,0
2202,44,3,1,6,4,0
2203,42,1,1,22,3,0
2204,3,23,0,13,9,0
2205,78,0,1,10,0,0
2206,51,3,1,19,0,0
2207,61,1,1,11,4,0
2208,0,20,0,13,19,0
2209,0,33,0,21,10,0
2210,75,2,1,19,5,0
2211,76,1,1,10,3,0
2212,66,1,1,7,1,0
2213,47,0,1,3,0,0
2214,0,5,0,18,1,0
2215,1,12,0,20,2,0
2216,2,34,0,18,18,0
2217,59,0,1,14,4,0
2218,76,3,1,12,1,0
2219,67,0,1,15,2,0
2220,62,2,1,9,2,0
2221,63,2,1,6,0,0
2222,43,3,1,20,1,0
2223,1,9,0,19,5,0
2224,3,3,0,11,11,0
2225,56,0,1,20,0,0
2226,3,36,0,13,5,0
2227,2,30,0,11,14,0
2228,0,16,0,12,17,0
2229,71,2,1,24,4,0
2230,68,2,1,7,5,0
2231,67,3,1,10,5,0
2232,54,1,1,22,5,0
2233,2,28,0,18,13,0
2234,47,1,1,22,3,0
2235,64,3,1,8,0,0
2236,77,3,1,12,0,0
2237,53,3,1,13,5,0
2238,71,3,1,7,4,0
2239,3,4,0,15,1,0
2240,0,31,0,20,18,0
2241,67,3,1,14,5,0
2242,3,13,0,11,11,0
2243,1,25,0,17,16,0
2244,69,2,1,23,4,0
2245,51,0,1,8,1,0
2246,57,0,1,11,1,0
2247,1,39,0,12,5,0
2248,0,29,0,17,0,0
2249,2,26,0,11,6,0
2250,1,2,0,18,6,0
2251,2,17,0,15,6,0
2252,42,2,1,10,2,0
2253,51,1,1,11,0,0
2254,3,12,0,21,6,0
2255,66,3,1,22,3,0
2256,2,7,0,12,11,0
2257,2,32,0,21,19,0
2258,1,32,0,15,2,0
2259,2,39,0,19,2,0
2260,45,3,1,17,2,0
2261,48,2,1,5,3,0
2262,44,3,1,8,5,0
2263,68,3,1,23,3,0
2264,2,27,0,15,10,0
2265,0,16,0,15,19,0
2266,3,27,0,15,19,0
2267,1,3,0,13,8,0
2268,79,1,1,8,3,0
2269,0,23,0,21,18,0
2270,1,39,0,11,1,0
2271,44,0,1,17,5,0
2272,42,1,1,12,0,0
2273,62,1,1,13,0,0
2274,2,7,0,21,8,0
2275,60,1,1,17,5,0
2276,49,2,1,7,0,0
2277,53,0,1,17,4,0
2278,40,2,1,2,4,0
2279,70,1,1,14,2,0
2280,0,26,0,11,15,0
2281,0,37,0,13,6,0
2282,42,0,1,2,3,0
2283,68,1,1,12,3,0
2284,0,34,0,15,5,0
2285,2,30,0,21,2,0
2286,1,31,0,17,1,0
2287,3,18,0,17,5,0
2288,49,3,1,14,3,0
2289,41,1,1,11,2,0
2290,1,23,0,13,10,0
2291,3,25,0,18,2,0
2292,67,3,1,6,4,0
2293,1,27,0,18,15,0
2294,3,3,0,12,13,0
2295,0,24,0,21,10,0
2296,1,22,0,11,2,0
2297,1,1,0,21,13,0
2298,3,39,0,20,11,0
2299,2,5,0,13,7,0
2300,1,3,0,15,3,0
2301,48,2,1,7,2,0
2302,66,2,1,9,5,0
2303,49,2,1,16,1,0
2304,2,18,0,20,11,0
2305,0,8,0,20,12,0
2306,55,0,1,20,2,0
2307,52,2,1,3,1,0
2308,3,17,0,19,13,0
2309,3,30,0,11,14,0
2310,3,17,0,20,4,0
2311,2,36,0,18,16,0
2312,3,37,0,13,6,0
2313,3,25,0,13,8,0
2314,2,10,0,17,5,0
2315,1,38,0,21,12,0
2316,0,2,0,13,17,0
2317,1,13,0,18,2,0
2318,2,32,0,11,11,0
2319,51,3,1,5,1,0
2320,0,26,0,18,13,0
2321,1,36,0,19,13,0
2322,65,1,1,10,1,0
2323,72,1,1,16,4,0
2324,61,3,1,7,5,0
2325,2,5,0,13,14,0
2326,3,3,0,13,8,0
2327,0,26,0,18,14,0
2328,2,17,0,21,1,0
2329,1,5,0,21,18,0
2330,2,34,0,15,11,0
2331,3,19,0,11,17,0
2332,1,0,0,20,13,0
2333,3,19,0,12,2,0
2334,40,1,1,11,5,0
2335,73,3,1,9,4,0
2336,70,0,1,22,4,0
2337,40,3,1,13,2,0
2338,0,11,0,15,4,0
2339,70,2,1,16,3,0
2340,73,3,1,17,3,0
2341,0,34,0,18,6,0
2342,0,14,0,18,7,0
2343,0,15,0,11,6,0
2344,72,2,1,5,0,0
2345,41,0,1,20,3,0
2346,43,2,1,12,3,0
2347,0,1,0,21,10,0
2348,1,17,0,17,5,0
2349,55,3,1,9,0,0
2350,0,20,0,18,15,0
2351,2,1,0,18,7,0
2352,3,38,0,20,6,0
2353,75,0,1,18,2,0
2354,1,17,0,17,14,0
2355,0,5,0,20,15,0
2356,47,3,1,6,3,0
2357,3,38,0,18,3,0
2358,50,2,1,9,1,0
2359,69,0,1,14,0,0
2360,2,13,0,17,6,0
2361,56,3,1,5,0,0
2362,1,7,0,12,14,0
2363,73,1,1,18,0,0
2364,77,3,1,4,1,0
2365,1,24,0,15,5,0
2366,0,18,0,13,13,0
2367,67,1,1,7,5,0
2368,3,31,0,21,0,0
2369,3,11,0,18,5,0
2370,1,38,0,13,18,0
2371,54,0,1,4,2,0
2372,49,1,1,22,3,0
2373,2,5,0,21,18,0
2374,2,5,0,17,10,0
2375,55,1,1,18,1,0
2376,0,26,0,21,2,0
2377,68,3,1,4,5,0
2378,59,2,1,10,5,0
2379,44,3,1,16,3,0
2380,74,0,1,20,1,0
2381,75,1,1,19,2,0
2382,71,0,1,4,0,0
2383,73,3,1,20,2,0
2384,1,4,0,13,15,0
2385,2,15,0,19,10,0
2386,50,1,1,17,3,0
2387,0,5,0,20,1,0
2388,2,28,0,11,7,0
2389,2,39,0,17,19,0
2390,70,1,1,23,2,0
2391,0,23,0,12,15,0
2392,66,1,1,10,5,0
2393,1,5,0,12,9,0
2394,1,35,0,17,17,0
2395,77,0,1,19,1,0
2396,2,26,0,20,14,0
2397,72,2,1,5,5,0
2398,48,3,1,4,3,0
2399,51,1,1,15,2,0
2400,1,3,0,17,11,0
2401,2,20,0,19,18,0
2402,3,16,0,17,9,0
2403,78,0,1,4,3,0
2404,55,3,1,3,0,0
2405,76,3,1,17,3,0
2406,2,36,0,19,3,0
2407,60,3,1,22,1,0
2408,2,8,0,17,2,0
2409,1,19,0,17,7,0
2410,52,1,1,23,0,0
2411,49,0,1,2,2,0
2412,74,1,1,9,0,0
2413,0,14,0,15,19,0
2414,58,0,1,10,2,0
2415,1,32,0,20,11,0
2416,77,0,1,17,0,0
2417,2,30,0,19,9,0
2418,78,3,1,15,2,0
2419,73,0,1,14,4,0
2420,0,15,0,11,2,0
2421,75,3,1,14,4,0
2422,47,1,1,7,3,0
2423,40,0,1,5,1,0
2424,55,3,1,24,0,0
2425,42,3,1,20,5,0
2426,64,0,1,15,5,0
2427,0,14,0,13,0,0
2428,72,1,1,14,1,0
2429,46,0,1,23,5,0
2430,2,15,0,20,13,0
2431,40,1,1,15,5,0
2432,48,0,1,24,4,0
2433,2,11,0,18,10,0
2434,1,28,0,15,18,0
2435,2,7,0,18,18,0
2436,60,1,1,24,4,0
2437,70,3,1,10,5,0
2438,1,9,0,20,7,0
2439,67,1,1,15,1,0
2440,52,3,1,18,5,0
2441,42,3,1,15,0,0
2442,74,3,1,4,5,0
2443,65,1,1,14,4,0
2444,2,13,0,12,14,0
2445,1,28,0,21,11,0
2446,2,30,0,19,1,0
2447,42,2,1,9,5,0
2448,3,39,0,18,2,0
2449,0,28,0,20,12,0
2450,3,0,0,15,16,0
2451,1,2,0,15,19,0
2452,2,36,0,11,8,0
2453,0,18,0,19,8,0
2454,2,24,0,21,15,0
2455,1,12,0,19,7,0
2456,2,19,0,21,14,0
2457,3,18,0,20,18,0
2458,0,11,0,17,0,0
2459,51,1,1,6,1,0
2460,2,36,0,12,3,0
2461,3,24,0,11,16,0
2462,2,11,0,20,8,0
2463,63,1,1,23,0,0
2464,77,0,1,10,0,0
2465,71,0,1,12,3,0
2466,57,3,1,4,4,0
2467,44,3,1,19,5,0
2468,70,1,1,15,2,0
2469,2,26,0,13,0,0
2470,2,31,0,17,11,0
2471,49,0,1,12,4,0
2472,2,10,0,12,3,0
2473,3,26,0,15,19,0
2474,3,8,0,12,0,0
2475,3,1,0,17,13,0
2476,63,3,1,10,4,0
2477,79,1,1,17,5,0
2478,1,21,0,17,0,0
2479,72,0,1,19,1,0
2480,52,2,1,2,2,0
2481,66,2,1,14,0,0
2482,1,25,0,13,13,0
2483,3,27,0,11,4,0
2484,59,1,1,21,1,0
2485,73,2,1,3,4,0
2486,67,2,1,4,4,0
2487,61,2,1,13,0,0
2488,0,22,0,13,2,0
2489,1,5,0,18,14,0
2490,2,16,0,17,18,0
2491,3,27,0,18,6,0
2492,47,3,1,14,3,0
2493,2,12,0,12,6,0
2494,74,3,1,16,2,0
2495,56,3,1,10,5,0
2496,1,18,0,18,12,0
2497,3,29,0,15,9,0
2498,3,28,0,15,15,0
2499,70,3,1,24,1,0
2500,49,3,1,19,3,0
